1528452126.211531 725.78 765.671
1528452126.219507 721.84 763.479
1528452126.227758 721.24 761.367
1528452126.236018 719.83 759.29
1528452126.244165 718.62 757.257
1528452126.252215 717.27 755.257
1528452126.260473 715.7 753.28
1528452126.268714 714.26 751.329
1528452126.276798 711.84 749.354
1528452126.285021 711.36 747.454
1528452126.293292 712.39 745.701
1528452126.301461 709.75 743.904
1528452126.309489 706.66 742.041
1528452126.317694 706.41 740.26
1528452126.325836 707.37 738.615
1528452126.334144 706.9 737.03
1528452126.342195 706.49 735.503
1528452126.350425 704.58 733.957
1528452126.358592 703.71 732.444
1528452126.366877 702.28 730.936
1528452126.374919 703.31 729.555
1528452126.383213 701.88 728.171
1528452126.391411 700.54 726.789
1528452126.399403 700.74 725.487
1528452126.407584 700.73 724.249
1528452126.415876 699.72 723.023
1528452126.423998 701.41 721.942
1528452126.432145 701.13 720.901
1528452126.440348 701.11 719.912
1528452126.448691 701.59 718.996
1528452126.456754 701.68 718.13
1528452126.464918 701.46 717.296
1528452126.473140 699.39 716.401
1528452126.481316 700.89 715.626
1528452126.489579 702.12 714.95
1528452126.497816 703.9 714.398
1528452126.506012 704.87 713.921
1528452126.514370 704.29 713.44
1528452126.522436 704.61 712.998
1528452126.530702 705.19 712.608
1528452126.538738 707.86 712.371
1528452126.547007 708.4 712.172
1528452126.555170 707.91 711.959
1528452126.563307 709.64 711.843
1528452126.571471 709.77 711.739
1528452126.579501 713.3 711.817
1528452126.587620 714.03 711.928
1528452126.595786 715.74 712.119
1528452126.603969 716.99 712.362
1528452126.612233 718.06 712.647
1528452126.620415 719.29 712.979
1528452126.628587 721.19 713.39
1528452126.636812 723.86 713.913
1528452126.645035 725.8 714.508
1528452126.653209 728.06 715.185
1528452126.661456 731.87 716.019
1528452126.669476 732.22 716.829
1528452126.677776 735.32 717.754
1528452126.686001 736.89 718.711
1528452126.694153 739.53 719.752
1528452126.702330 743.35 720.932
1528452126.710651 743.56 722.063
1528452126.718764 745.97 723.258
1528452126.726865 748.87 724.539
1528452126.735128 751.89 725.907
1528452126.743317 756.77 727.45
1528452126.751524 758.06 728.98
1528452126.759709 760.67 730.565
1528452126.767912 765.52 732.312
1528452126.776013 766.96 734.045
1528452126.784202 770.95 735.89
1528452126.792413 775 737.846
1528452126.800705 779.3 739.918
1528452126.808919 781.09 741.977
1528452126.817201 784.8 744.118
1528452126.825322 791.26 746.475
1528452126.833510 792.98 748.8
1528452126.841685 796.52 751.186
1528452126.849920 800.62 753.658
1528452126.858134 803.82 756.166
1528452126.866360 808.86 758.801
1528452126.874512 811.63 761.442
1528452126.882720 816.77 764.209
1528452126.890953 820.28 767.012
1528452126.899145 825.82 769.953
1528452126.907474 828.7 772.89
1528452126.915840 834.55 775.973
1528452126.923761 840.59 779.204
1528452126.932025 843.77 782.432
1528452126.940088 849.14 785.768
1528452126.948236 853.82 789.17
1528452126.956359 856.2 792.522
1528452126.964592 862.23 796.007
1528452126.972907 866.46 799.53
1528452126.980974 870.62 803.084
1528452126.989214 876.01 806.731
1528452126.997498 879.79 810.384
1528452127.005645 885.36 814.132
1528452127.013857 890.21 817.936
1528452127.021999 897.8 821.929
1528452127.030165 900.72 825.869
1528452127.038221 905.04 829.827
1528452127.046398 911.1 833.891
1528452127.054420 916.1 838.002
1528452127.062714 919.84 842.093
1528452127.070929 925.94 846.286
1528452127.079127 929.58 850.451
1528452127.087365 937.16 854.786
1528452127.095619 942.18 859.156
1528452127.103778 948.23 863.609
1528452127.111942 951.52 868.005
1528452127.120206 958.88 872.549
1528452127.128253 962.49 877.046
1528452127.136425 968.05 881.596
1528452127.144698 972.25 886.129
1528452127.152866 979.58 890.801
1528452127.161072 983.56 895.439
1528452127.169255 989.91 900.163
1528452127.177481 996.87 904.998
1528452127.185803 1001.62 909.829
1528452127.194090 1007.23 914.699
1528452127.202402 1014.1 919.669
1528452127.210729 1018.49 924.61
1528452127.219015 1024.99 929.629
1528452127.227936 1030.13 934.654
1528452127.235302 1035.8 939.712
1528452127.243642 1042.47 944.85
1528452127.251914 1047.42 949.978
1528452127.260218 1053.63 955.161
1528452127.268547 1060.45 960.425
1528452127.276742 1066.55 965.731
1528452127.284996 1072.14 971.052
1528452127.293254 1078.88 976.443
1528452127.301582 1085.98 981.92
1528452127.309853 1090.59 987.354
1528452127.318030 1096.67 992.819
1528452127.326297 1103.87 998.372
1528452127.334534 1106.04 1003.76
1528452127.342817 1115.51 1009.34
1528452127.351060 1120.36 1014.89
1528452127.359333 1127.76 1020.54
1528452127.367575 1133.42 1026.18
1528452127.375749 1136.37 1031.69
1528452127.383939 1145.33 1037.37
1528452127.392359 1149.85 1043
1528452127.400719 1156.31 1048.66
1528452127.408937 1163.84 1054.42
1528452127.417184 1168.98 1060.15
1528452127.425516 1175.84 1065.93
1528452127.433809 1183.22 1071.8
1528452127.441927 1187.72 1077.59
1528452127.450364 1195.33 1083.48
1528452127.458714 1201.34 1089.37
1528452127.467014 1207.64 1095.29
1528452127.475248 1212.28 1101.14
1528452127.483514 1218.2 1106.99
1528452127.491853 1225.19 1112.9
1528452127.500064 1230.89 1118.8
1528452127.508460 1237.67 1124.74
1528452127.516716 1244.02 1130.71
1528452127.524978 1247.34 1136.54
1528452127.533253 1254.55 1142.44
1528452127.541682 1259.1 1148.27
1528452127.549819 1265.73 1154.14
1528452127.558057 1269.96 1159.94
1528452127.566392 1276.88 1165.78
1528452127.574700 1283.15 1171.65
1528452127.583092 1291.04 1177.62
1528452127.591184 1295.47 1183.51
1528452127.599575 1301.95 1189.44
1528452127.607708 1306.53 1195.29
1528452127.616012 1312.5 1201.15
1528452127.624357 1317.55 1206.97
1528452127.632597 1323.35 1212.79
1528452127.640894 1328.13 1218.56
1528452127.649120 1334.09 1224.33
1528452127.657533 1342.22 1230.23
1528452127.665800 1348.21 1236.13
1528452127.674059 1352.48 1241.94
1528452127.682110 1358.26 1247.76
1528452127.690470 1362.78 1253.51
1528452127.698809 1369.22 1259.3
1528452127.707063 1372.19 1264.94
1528452127.715202 1376.92 1270.54
1528452127.723332 1382.39 1276.13
1528452127.731661 1387.24 1281.69
1528452127.740070 1392.16 1287.21
1528452127.748200 1396.05 1292.65
1528452127.756524 1401.64 1298.1
1528452127.764837 1408.98 1303.65
1528452127.772983 1411.56 1309.04
1528452127.781221 1417.46 1314.46
1528452127.789519 1421.38 1319.81
1528452127.797688 1425.26 1325.08
1528452127.806043 1428.3 1330.24
1528452127.814336 1434.02 1335.43
1528452127.822856 1437.54 1340.54
1528452127.830898 1444 1345.71
1528452127.839180 1446.91 1350.77
1528452127.847479 1453.25 1355.89
1528452127.855663 1455.78 1360.89
1528452127.864017 1459.3 1365.81
1528452127.872222 1463.06 1370.67
1528452127.880520 1465.59 1375.42
1528452127.888834 1470 1380.15
1528452127.896943 1472.78 1384.78
1528452127.905275 1476.91 1389.38
1528452127.913644 1480.84 1393.96
1528452127.921871 1485.57 1398.54
1528452127.930225 1489.87 1403.1
1528452127.938493 1492.53 1407.58
1528452127.946856 1497.07 1412.05
1528452127.955108 1499.78 1416.44
1528452127.963409 1501.18 1420.67
1528452127.971709 1505.18 1424.9
1528452127.980087 1509.13 1429.11
1528452127.988360 1512.63 1433.29
1528452127.996570 1515.49 1437.4
1528452128.004759 1517.63 1441.41
1528452128.012995 1519.99 1445.34
1528452128.021165 1523.73 1449.26
1528452128.029526 1527.04 1453.15
1528452128.037872 1530.56 1457.02
1528452128.046109 1532.03 1460.77
1528452128.054344 1533.3 1464.39
1528452128.062507 1537.04 1468.03
1528452128.070800 1537.27 1471.49
1528452128.079182 1540.18 1474.92
1528452128.087511 1542.15 1478.28
1528452128.095726 1543.53 1481.55
1528452128.103884 1546.34 1484.79
1528452128.112129 1547.3 1487.91
1528452128.120632 1550.2 1491.03
1528452128.128797 1549.6 1493.96
1528452128.137029 1552.01 1496.86
1528452128.145269 1552.61 1499.65
1528452128.153618 1556.39 1502.48
1528452128.161862 1557.13 1505.22
1528452128.170085 1556.54 1507.78
1528452128.178370 1558.79 1510.33
1528452128.186740 1559.74 1512.8
1528452128.195030 1561.11 1515.22
1528452128.203267 1560.96 1517.5
1528452128.211569 1561.22 1519.69
1528452128.219900 1563.27 1521.87
1528452128.228109 1563.48 1523.95
1528452128.236437 1564.54 1525.98
1528452128.244777 1563.65 1527.86
1528452128.253128 1564.22 1529.68
1528452128.261366 1563.72 1531.38
1528452128.269742 1563.66 1533
1528452128.277945 1562.95 1534.49
1528452128.286330 1564.12 1535.98
1528452128.294591 1563.05 1537.33
1528452128.302989 1564.09 1538.67
1528452128.311322 1563.89 1539.93
1528452128.319539 1562.11 1541.04
1528452128.327778 1561.06 1542.04
1528452128.335909 1560.41 1542.96
1528452128.344308 1558.42 1543.73
1528452128.352522 1558.09 1544.45
1528452128.360833 1555.34 1544.99
1528452128.369084 1556.03 1545.54
1528452128.377329 1553.59 1545.95
1528452128.385565 1554.72 1546.39
1528452128.393777 1551.94 1546.66
1528452128.402054 1550.73 1546.87
1528452128.410348 1547.41 1546.89
1528452128.418533 1546.52 1546.88
1528452128.426699 1544.5 1546.76
1528452128.435030 1542.94 1546.57
1528452128.443295 1539.75 1546.22
1528452128.451712 1537.31 1545.78
1528452128.459859 1537.03 1545.34
1528452128.468275 1533.23 1544.74
1528452128.476507 1532.4 1544.12
1528452128.484780 1528.2 1543.32
1528452128.492938 1528.35 1542.57
1528452128.501064 1523.52 1541.62
1528452128.509329 1521.64 1540.62
1528452128.517550 1520.54 1539.62
1528452128.525711 1518.21 1538.55
1528452128.533935 1514.92 1537.37
1528452128.542114 1509.41 1535.97
1528452128.550465 1505.25 1534.43
1528452128.558689 1503.36 1532.88
1528452128.567112 1498.9 1531.18
1528452128.575297 1498.07 1529.52
1528452128.583556 1492.93 1527.7
1528452128.591799 1490.28 1525.82
1528452128.600210 1487.62 1523.91
1528452128.608496 1484.56 1521.95
1528452128.616793 1479.25 1519.81
1528452128.625127 1475.22 1517.58
1528452128.633465 1472.13 1515.31
1528452128.641554 1466.03 1512.85
1528452128.649717 1463.2 1510.36
1528452128.658019 1458.82 1507.79
1528452128.666386 1457.12 1505.25
1528452128.674647 1450.88 1502.53
1528452128.682858 1446.11 1499.71
1528452128.691214 1441.29 1496.79
1528452128.699537 1436.8 1493.79
1528452128.707616 1431.68 1490.69
1528452128.715959 1427.22 1487.51
1528452128.724231 1421.81 1484.23
1528452128.732567 1417.73 1480.9
1528452128.740944 1413.09 1477.51
1528452128.749122 1410.02 1474.14
1528452128.757394 1402.71 1470.57
1528452128.765654 1398.64 1466.97
1528452128.774958 1392.78 1463.26
1528452128.782287 1384.85 1459.34
1528452128.790551 1381.2 1455.43
1528452128.798933 1377.11 1451.52
1528452128.807128 1370.56 1447.47
1528452128.815359 1367.68 1443.48
1528452128.823557 1360.92 1439.35
1528452128.831799 1352.67 1435.02
1528452128.840234 1347.6 1430.65
1528452128.848427 1343.01 1426.26
1528452128.856756 1335.66 1421.73
1528452128.865017 1330.82 1417.19
1528452128.873225 1325.45 1412.6
1528452128.881579 1318.86 1407.91
1528452128.889846 1312.54 1403.15
1528452128.897958 1306.36 1398.31
1528452128.906189 1298.65 1393.32
1528452128.914457 1294.95 1388.41
1528452128.922758 1287.29 1383.35
1528452128.931113 1281.74 1378.27
1528452128.939462 1276.64 1373.19
1528452128.947749 1270.19 1368.04
1528452128.955965 1263.99 1362.84
1528452128.964038 1257.22 1357.55
1528452128.972417 1248.02 1352.08
1528452128.980621 1244.4 1346.69
1528452128.989091 1238.23 1341.27
1528452128.997116 1232.19 1335.82
1528452129.005452 1226.62 1330.36
1528452129.013831 1218.78 1324.78
1528452129.022051 1210.79 1319.08
1528452129.030253 1205.55 1313.4
1528452129.038519 1197.55 1307.61
1528452129.046816 1189.22 1301.69
1528452129.055154 1183.78 1295.79
1528452129.063448 1176.15 1289.81
1528452129.071733 1170.47 1283.85
1528452129.080020 1164.92 1277.9
1528452129.088287 1155.89 1271.8
1528452129.096538 1149.44 1265.68
1528452129.104896 1143.84 1259.59
1528452129.113152 1134.39 1253.33
1528452129.121461 1126.65 1246.99
1528452129.129689 1119.98 1240.64
1528452129.137912 1113.84 1234.3
1528452129.146091 1107.74 1227.98
1528452129.154375 1101.55 1221.65
1528452129.162762 1096.51 1215.4
1528452129.170978 1088.54 1209.05
1528452129.179176 1081.78 1202.69
1528452129.187565 1074.72 1196.29
1528452129.195740 1068.13 1189.88
1528452129.204040 1058.52 1183.32
1528452129.212213 1053.19 1176.81
1528452129.220422 1045.78 1170.26
1528452129.228677 1040.81 1163.79
1528452129.237107 1031.13 1157.15
1528452129.245284 1025.47 1150.57
1528452129.253654 1018.25 1143.95
1528452129.261857 1010.55 1137.28
1528452129.270278 1004.06 1130.62
1528452129.278456 998.1 1124
1528452129.286641 990.68 1117.33
1528452129.294797 981.85 1110.56
1528452129.303012 978.17 1103.94
1528452129.311276 969.21 1097.2
1528452129.319396 966.44 1090.66
1528452129.327544 958.28 1084.04
1528452129.335775 954.15 1077.55
1528452129.344088 947.44 1071.04
1528452129.352158 940.04 1064.49
1528452129.360275 932.24 1057.88
1528452129.368519 926.9 1051.33
1528452129.376734 920.37 1044.78
1528452129.384736 912.05 1038.15
1528452129.392982 908.53 1031.67
1528452129.401047 899.76 1025.07
1528452129.409249 894.2 1018.53
1528452129.417460 887.94 1012
1528452129.425658 882.52 1005.52
1528452129.433756 873.83 998.939
1528452129.441984 868.56 992.42
1528452129.449978 863.12 985.955
1528452129.458238 854.64 979.389
1528452129.466488 851.92 973.016
1528452129.474651 847.7 966.75
1528452129.482743 839.22 960.373
1528452129.490958 833.08 954.009
1528452129.499137 828.94 947.755
1528452129.507363 825.09 941.622
1528452129.515548 819.34 935.508
1528452129.523590 809.74 929.22
1528452129.531738 805.37 923.027
1528452129.540266 798.4 916.796
1528452129.548198 794.51 910.681
1528452129.556395 790.49 904.672
1528452129.564539 784.49 898.663
1528452129.572714 779.91 892.725
1528452129.580992 773.98 886.788
1528452129.589159 768.29 880.863
1528452129.597351 762.99 874.969
1528452129.605653 759.88 869.215
1528452129.613730 753.91 863.45
1528452129.621847 748.44 857.699
1528452129.630035 745.98 852.113
1528452129.638135 740.29 846.522
1528452129.646436 734.02 840.897
1528452129.654671 730.58 835.381
1528452129.662791 727.57 829.991
1528452129.671059 723.58 824.67
1528452129.679319 717.86 819.33
1528452129.687459 714.93 814.11
1528452129.695701 711.98 809.003
1528452129.703846 708.95 804
1528452129.712004 704.42 799.021
1528452129.720178 699.09 794.025
1528452129.728388 697.38 789.193
1528452129.736399 694.06 784.436
1528452129.744657 689.76 779.702
1528452129.752778 686.8 775.057
1528452129.761053 683.01 770.455
1528452129.769156 680.5 765.957
1528452129.777331 677.64 761.541
1528452129.785546 674.73 757.201
1528452129.793555 672.5 752.966
1528452129.801773 671.1 748.872
1528452129.810018 667.96 744.827
1528452129.818268 666.59 740.915
1528452129.826454 663.14 737.026
1528452129.834685 661 733.225
1528452129.843121 659.38 729.533
1528452129.851139 657.9 725.951
1528452129.859163 655.47 722.427
1528452129.867267 654.99 719.055
1528452129.875425 653.61 715.783
1528452129.883547 650.7 712.529
1528452129.891788 649.8 709.392
1528452129.899939 648.7 706.358
1528452129.908179 647.99 703.439
1528452129.916373 646.86 700.61
1528452129.924621 646.03 697.881
1528452129.932821 645.59 695.267
1528452129.941131 643.15 692.661
1528452129.949253 643.17 690.186
1528452129.957482 642.32 687.793
1528452129.965724 641.02 685.454
1528452129.973946 641.16 683.24
1528452129.982123 641.89 681.172
1528452129.990297 642.6 679.244
1528452129.998539 642.01 677.382
1528452130.006602 641.55 675.59
1528452130.014806 643.68 673.995
1528452130.023064 641.77 672.384
1528452130.031209 641.93 670.861
1528452130.039535 642.67 669.451
1528452130.047643 643.03 668.13
1528452130.055818 644.12 666.93
1528452130.063975 644.24 665.795
1528452130.072119 643.76 664.693
1528452130.080300 645.85 663.751
1528452130.088416 645.69 662.848
1528452130.096569 646.71 662.041
1528452130.104779 651.5 661.514
1528452130.113091 652.14 661.046
1528452130.121144 653 660.643
1528452130.129396 653.11 660.267
1528452130.137562 654.46 659.976
1528452130.145631 654.77 659.716
1528452130.153857 657.01 659.581
1528452130.162118 657.55 659.479
1528452130.170306 661.87 659.599
1528452130.178499 662.6 659.749
1528452130.186774 664.55 659.989
1528452130.194955 665.05 660.242
1528452130.203159 669.77 660.718
1528452130.211206 671.33 661.249
1528452130.219468 671.39 661.756
1528452130.227504 673.25 662.331
1528452130.235820 675.95 663.012
1528452130.243997 678.33 663.778
1528452130.252183 682.74 664.726
1528452130.260364 682.39 665.609
1528452130.268675 685.59 666.608
1528452130.276825 688.55 667.705
1528452130.285034 691.01 668.87
1528452130.293277 695.27 670.19
1528452130.301412 694.62 671.412
1528452130.309714 698.2 672.751
1528452130.317900 699.48 674.088
1528452130.326038 702.61 675.514
1528452130.334185 706.95 677.086
1528452130.342373 709.52 678.707
1528452130.350542 712.05 680.374
1528452130.358715 714.54 682.083
1528452130.366937 717.86 683.872
1528452130.375089 720.22 685.689
1528452130.383247 722.28 687.519
1528452130.391382 725.4 689.413
1528452130.399463 729.26 691.405
1528452130.407644 731.2 693.395
1528452130.415672 733.84 695.417
1528452130.424104 738 697.546
1528452130.432128 742.05 699.771
1528452130.440401 744.45 702.005
1528452130.448515 747.78 704.294
1528452130.456859 750.1 706.584
1528452130.464932 753.78 708.944
1528452130.472941 757.63 711.378
1528452130.481075 757.09 713.664
1528452130.489137 762.2 716.091
1528452130.497378 765.26 718.549
1528452130.505461 768.36 721.04
1528452130.513605 771.92 723.584
1528452130.521789 775.78 726.194
1528452130.530185 778.18 728.793
1528452130.538313 778.61 731.284
1528452130.546453 782.74 733.857
1528452130.554674 786.89 736.508
1528452130.562864 791.36 739.251
1528452130.571066 794.37 742.007
1528452130.579227 796.84 744.748
1528452130.587425 800.61 747.542
1528452130.595728 803.27 750.328
1528452130.603956 806.47 753.135
1528452130.612045 809.59 755.958
1528452130.620119 812.53 758.786
1528452130.628263 815.03 761.599
1528452130.636492 819.59 764.498
1528452130.644670 822.11 767.379
1528452130.653076 825.99 770.309
1528452130.661136 829.01 773.244
1528452130.669316 833.63 776.264
1528452130.677637 835.07 779.204
1528452130.685709 838.07 782.147
1528452130.693830 840.12 785.046
1528452130.701995 842.31 787.909
1528452130.710298 846.14 790.821
1528452130.718459 850.42 793.801
1528452130.726639 852.77 796.749
1528452130.734517 855.92 799.708
1528452130.742854 856.89 802.567
1528452130.751105 861.02 805.489
1528452130.759268 865.04 808.467
1528452130.767470 866.28 811.358
1528452130.775653 869.64 814.272
1528452130.783801 871.87 817.152
1528452130.791998 874.96 820.042
1528452130.800169 880.11 823.045
1528452130.808248 882.97 826.042
1528452130.816492 885.58 829.019
1528452130.824650 888.58 831.997
1528452130.832839 890.93 834.943
1528452130.841102 893.93 837.893
1528452130.849237 895.94 840.795
1528452130.857539 899.08 843.709
1528452130.865720 903.21 846.684
1528452130.873913 903.74 849.537
1528452130.882070 906.92 852.406
1528452130.890353 910.41 855.306
1528452130.898573 911.82 858.132
1528452130.906774 915.89 861.02
1528452130.914957 916.7 863.804
1528452130.923198 921.25 866.676
1528452130.931389 923.15 869.5
1528452130.939635 926.25 872.337
1528452130.947700 928.35 875.138
1528452130.955955 933.15 878.039
1528452130.964092 933.16 880.795
1528452130.972226 937.49 883.63
1528452130.980451 938.27 886.362
1528452130.988698 943.63 889.225
1528452130.996947 944.46 891.987
1528452131.005109 947.85 894.78
1528452131.013372 949.3 897.506
1528452131.021506 953.38 900.3
1528452131.029753 954.76 903.023
1528452131.037776 956.75 905.709
1528452131.046119 959.88 908.418
1528452131.054296 962.39 911.116
1528452131.062464 964.67 913.794
1528452131.070665 967.18 916.463
1528452131.078963 968.12 919.046
1528452131.087123 971.79 921.683
1528452131.095189 973.35 924.267
1528452131.103400 976.22 926.864
1528452131.111688 977.78 929.41
1528452131.119834 981.27 932.003
1528452131.127967 982.58 934.532
1528452131.136035 984.38 937.024
1528452131.144230 986.78 939.512
1528452131.152442 989.04 941.988
1528452131.160676 992.55 944.517
1528452131.169007 993.23 946.952
1528452131.177148 994.9 949.35
1528452131.185516 997.5 951.757
1528452131.193485 998.32 954.085
1528452131.201818 1001.33 956.447
1528452131.210126 1002.31 958.741
1528452131.218255 1004.41 961.024
1528452131.226510 1006.41 963.293
1528452131.234881 1007.12 965.485
1528452131.243063 1010.82 967.751
1528452131.251330 1010.94 969.911
1528452131.259589 1012.51 972.041
1528452131.267965 1016.41 974.259
1528452131.276278 1016.48 976.37
1528452131.284452 1018.94 978.499
1528452131.292748 1020.85 980.616
1528452131.301034 1022.46 982.709
1528452131.309397 1023.27 984.737
1528452131.317541 1024.65 986.732
1528452131.325944 1026.82 988.737
1528452131.334208 1028.52 990.726
1528452131.342453 1029.69 992.674
1528452131.350627 1031.36 994.608
1528452131.358869 1031.82 996.469
1528452131.367276 1035.13 998.402
1528452131.375391 1036.24 1000.29
1528452131.383717 1037.26 1002.14
1528452131.391924 1039.33 1004
1528452131.400201 1038.19 1005.71
1528452131.408486 1040.35 1007.44
1528452131.416695 1040.52 1009.1
1528452131.424989 1042.74 1010.78
1528452131.433261 1046.09 1012.54
1528452131.441449 1045.31 1014.18
1528452131.449752 1044.74 1015.71
1528452131.458050 1048.11 1017.33
1528452131.466386 1049.41 1018.93
1528452131.474543 1049.03 1020.44
1528452131.482848 1051.23 1021.98
1528452131.491241 1050.74 1023.42
1528452131.499516 1052.15 1024.85
1528452131.507768 1052.37 1026.23
1528452131.515860 1054.75 1027.66
1528452131.524214 1056.6 1029.1
1528452131.532408 1057.13 1030.5
1528452131.540558 1056.73 1031.82
1528452131.548777 1058.04 1033.13
1528452131.556941 1058.4 1034.39
1528452131.565255 1059.94 1035.67
1528452131.573535 1060 1036.88
1528452131.581870 1060.65 1038.07
1528452131.590011 1060.44 1039.19
1528452131.598305 1062.14 1040.34
1528452131.606669 1063.01 1041.47
1528452131.614969 1062.38 1042.52
1528452131.623288 1064.41 1043.61
1528452131.631574 1064.45 1044.65
1528452131.639872 1066.08 1045.73
1528452131.647975 1066.33 1046.76
1528452131.656306 1066.62 1047.75
1528452131.664692 1067.1 1048.72
1528452131.672941 1069.02 1049.73
1528452131.681095 1068.71 1050.68
1528452131.689377 1066.73 1051.48
1528452131.697715 1068.42 1052.33
1528452131.706039 1068.51 1053.14
1528452131.714274 1071.16 1054.04
1528452131.722600 1069.7 1054.82
1528452131.730990 1070.19 1055.59
1528452131.739199 1069.14 1056.27
1528452131.747451 1070.28 1056.97
1528452131.755867 1069.45 1057.59
1528452131.764182 1071.24 1058.28
1528452131.772237 1072.2 1058.97
1528452131.780519 1071.66 1059.61
1528452131.788698 1070.24 1060.14
1528452131.796920 1071.87 1060.72
1528452131.805280 1071.64 1061.27
1528452131.813390 1071.29 1061.77
1528452131.821475 1071.19 1062.24
1528452131.829761 1072.02 1062.73
1528452131.837982 1071.22 1063.16
1528452131.846333 1070.78 1063.54
1528452131.854674 1069.26 1063.82
1528452131.862818 1071.13 1064.19
1528452131.871012 1070.02 1064.48
1528452131.879318 1071.86 1064.85
1528452131.887642 1069.35 1065.07
1528452131.896030 1069.48 1065.29
1528452131.904244 1068.81 1065.47
1528452131.912537 1069.76 1065.68
1528452131.920921 1069.8 1065.89
1528452131.929238 1067.44 1065.97
1528452131.937615 1067.56 1066.05
1528452131.945736 1067.55 1066.12
1528452131.953985 1068.18 1066.23
1528452131.962099 1066.31 1066.23
1528452131.970462 1066.94 1066.27
1528452131.978789 1063.84 1066.14
1528452131.987061 1066.51 1066.16
1528452131.995327 1063.53 1066.03
1528452132.003623 1063.51 1065.9
1528452132.011987 1064.28 1065.82
1528452132.020241 1063.34 1065.7
1528452132.028495 1061.7 1065.5
1528452132.036753 1061.55 1065.3
1528452132.045125 1062.4 1065.16
1528452132.053376 1059.96 1064.9
1528452132.061644 1059.37 1064.62
1528452132.069968 1058.84 1064.33
1528452132.078250 1058.99 1064.06
1528452132.086362 1056.26 1063.67
1528452132.094700 1055.96 1063.29
1528452132.103037 1055.08 1062.88
1528452132.111372 1053.72 1062.42
1528452132.119525 1054.28 1062.01
1528452132.127864 1051.58 1061.49
1528452132.136113 1050.49 1060.94
1528452132.144323 1049.65 1060.38
1528452132.152424 1048.93 1059.8
1528452132.160647 1047.41 1059.18
1528452132.168967 1046.06 1058.53
1528452132.177298 1044.89 1057.85
1528452132.185584 1044.16 1057.16
1528452132.193900 1042.67 1056.44
1528452132.202100 1043.42 1055.79
1528452132.210425 1039.41 1054.97
1528452132.218579 1040.56 1054.25
1528452132.226873 1038.89 1053.48
1528452132.235235 1037.22 1052.67
1528452132.243446 1036.37 1051.85
1528452132.251766 1034.54 1050.99
1528452132.260030 1035.16 1050.19
1528452132.268380 1033 1049.34
1528452132.276714 1030.68 1048.4
1528452132.285067 1029.4 1047.45
1528452132.293327 1027.31 1046.45
1528452132.301566 1025.13 1045.38
1528452132.309893 1022.68 1044.24
1528452132.318151 1024.63 1043.26
1528452132.326472 1021.89 1042.2
1528452132.334891 1019.75 1041.07
1528452132.343221 1018.75 1039.96
1528452132.351261 1015.48 1038.73
1528452132.359407 1015.81 1037.59
1528452132.367777 1012.76 1036.35
1528452132.376110 1011.03 1035.08
1528452132.384167 1010.68 1033.86
1528452132.392439 1006.84 1032.51
1528452132.400812 1006.35 1031.2
1528452132.409106 1003.8 1029.83
1528452132.417287 1004.48 1028.56
1528452132.425601 1000.54 1027.16
1528452132.433731 999.27 1025.77
1528452132.441700 995.77 1024.27
1528452132.449930 994.79 1022.79
1528452132.458170 992.97 1021.3
1528452132.466423 989.93 1019.73
1528452132.474502 990.39 1018.27
1528452132.482787 987.58 1016.73
1528452132.491000 985.29 1015.16
1528452132.499100 983.36 1013.57
1528452132.507229 982.8 1012.03
1528452132.515269 979.94 1010.43
1528452132.523420 976.77 1008.74
1528452132.531715 974.61 1007.04
1528452132.539739 972.24 1005.3
1528452132.548058 971.46 1003.61
1528452132.556223 969.75 1001.91
1528452132.564280 966.25 1000.13
1528452132.572487 963.68 998.307
1528452132.580575 962.06 996.495
1528452132.589002 960.86 994.713
1528452132.597181 957.31 992.843
1528452132.605185 954.9 990.946
1528452132.613334 953.18 989.058
1528452132.621622 951.37 987.173
1528452132.629872 947.94 985.212
1528452132.638111 945.8 983.241
1528452132.646315 942.3 981.194
1528452132.654445 939.75 979.122
1528452132.662507 938.78 977.105
1528452132.670698 934.27 974.963
1528452132.678991 933.32 972.881
1528452132.687185 930.58 970.766
1528452132.695436 927.65 968.61
1528452132.703578 925.52 966.455
1528452132.711863 924.99 964.382
1528452132.720050 921.65 962.246
1528452132.728294 917.7 960.018
1528452132.736475 916.29 957.832
1528452132.744736 915.37 955.709
1528452132.752730 910.78 953.462
1528452132.760982 908.01 951.19
1528452132.769196 905.63 948.912
1528452132.777370 902.89 946.611
1528452132.785597 902.43 944.402
1528452132.793848 898.63 942.113
1528452132.802091 896.26 939.82
1528452132.810195 892.78 937.468
1528452132.818455 891.49 935.169
1528452132.826629 887.56 932.789
1528452132.834868 885.73 930.436
1528452132.842894 883.52 928.09
1528452132.851014 881.2 925.746
1528452132.859205 876.71 923.294
1528452132.867350 875.34 920.896
1528452132.875434 871.93 918.448
1528452132.883617 870 916.026
1528452132.891847 867.23 913.586
1528452132.900154 863.8 911.096
1528452132.908321 861.9 908.637
1528452132.916373 859.25 906.167
1528452132.924544 856.61 903.689
1528452132.932653 853.11 901.16
1528452132.940840 851.8 898.692
1528452132.948995 847.67 896.141
1528452132.957286 846.48 893.658
1528452132.965345 841.36 891.043
1528452132.973617 839.22 888.452
1528452132.981762 839.66 886.013
1528452132.989954 834.36 883.43
1528452132.998052 831.89 880.853
1528452133.006096 828.72 878.246
1528452133.014325 825.68 875.618
1528452133.022498 824.13 873.044
1528452133.030607 820.8 870.431
1528452133.038863 818.68 867.844
1528452133.047064 816.82 865.293
1528452133.055251 812.15 862.636
1528452133.063467 810.54 860.031
1528452133.071689 809.56 857.507
1528452133.079839 807.23 854.993
1528452133.088046 802.06 852.347
1528452133.096166 800.09 849.734
1528452133.104268 797.23 847.109
1528452133.112366 793.97 844.452
1528452133.120504 792.16 841.837
1528452133.128824 789.2 839.205
1528452133.136921 787.87 836.639
1528452133.145144 784.61 834.037
1528452133.153241 781.65 831.418
1528452133.161392 780.54 828.874
1528452133.169479 777.4 826.3
1528452133.177697 774.45 823.708
1528452133.185929 771.02 821.073
1528452133.194240 770.84 818.562
1528452133.202374 767.43 816.005
1528452133.210589 767.78 813.594
1528452133.218759 763.22 811.075
1528452133.226696 760.15 808.529
1528452133.234826 756.53 805.929
1528452133.242863 758.25 803.545
1528452133.251088 753.97 801.066
1528452133.259380 752.08 798.617
1528452133.267542 750.94 796.233
1528452133.275601 747.81 793.812
1528452133.283779 744.91 791.367
1528452133.291967 743.94 788.995
1528452133.300090 742.05 786.648
1528452133.308374 737.62 784.197
1528452133.316583 734.79 781.726
1528452133.324787 735.76 779.428
1528452133.332949 734.19 777.166
1528452133.341241 730.46 774.831
1528452133.349300 729.14 772.546
1528452133.357403 727.54 770.296
1528452133.365534 725.91 768.077
1528452133.373754 723.55 765.85
1528452133.382023 723.91 763.753
1528452133.390209 720.63 761.597
1528452133.398508 719.78 759.506
1528452133.406587 719.07 757.485
1528452133.414889 716.88 755.454
1528452133.422982 715.96 753.48
1528452133.431158 713.56 751.484
1528452133.439375 712.56 749.537
1528452133.447526 709.7 747.546
1528452133.455757 709.81 745.659
1528452133.464107 707.83 743.767
1528452133.472083 708.25 741.991
1528452133.480331 706.41 740.212
1528452133.488400 706.34 738.519
1528452133.496659 706.17 736.901
1528452133.504787 703.61 735.237
1528452133.512879 703.39 733.644
1528452133.520972 702.29 732.077
1528452133.529026 701.74 730.56
1528452133.537318 703.03 729.183
1528452133.545461 703.59 727.904
1528452133.553564 702.71 726.644
1528452133.561737 700.92 725.358
1528452133.570016 700.99 724.139
1528452133.578171 698.99 722.882
1528452133.586434 700.37 721.756
1528452133.594667 700.62 720.7
1528452133.602748 701.33 719.731
1528452133.611031 700 718.745
1528452133.619192 702.88 717.951
1528452133.627264 700.03 717.055
1528452133.635437 700.42 716.223
1528452133.643692 701.25 715.475
1528452133.651749 701.59 714.781
1528452133.660031 701.25 714.104
1528452133.668044 703.44 713.571
1528452133.676347 704.02 713.093
1528452133.684462 705.5 712.714
1528452133.692711 705.55 712.355
1528452133.700909 707.84 712.13
1528452133.709156 708.39 711.943
1528452133.717390 708.77 711.784
1528452133.725519 711.04 711.747
1528452133.733601 711.71 711.745
1528452133.741752 711.73 711.744
1528452133.749853 713.65 711.84
1528452133.757974 716.31 712.063
1528452133.766207 718.51 712.385
1528452133.774374 718.26 712.679
1528452133.782513 722.12 713.151
1528452133.790495 721.74 713.581
1528452133.798732 725.18 714.161
1528452133.806966 726.34 714.77
1528452133.815188 730.27 715.545
1528452133.823376 731.37 716.336
1528452133.831538 733.26 717.182
1528452133.839786 735.91 718.118
1528452133.847928 739.73 719.199
1528452133.856102 741.04 720.291
1528452133.864295 742.08 721.381
1528452133.872489 747.4 722.682
1528452133.880735 750.73 724.084
1528452133.888889 751.06 725.433
1528452133.897135 755.19 726.921
1528452133.905415 759.07 728.528
1528452133.913568 761.24 730.164
1528452133.921817 764.27 731.869
1528452133.930042 766.59 733.605
1528452133.938157 770.01 735.425
1528452133.946401 774.21 737.365
1528452133.954686 777.76 739.384
1528452133.962846 780.97 741.464
1528452133.971022 784.69 743.625
1528452133.979264 788.55 745.871
1528452133.987540 791.45 748.15
1528452133.995705 796.29 750.557
1528452134.003936 801.31 753.095
1528452134.012129 805.33 755.706
1528452134.020354 810.13 758.428
1528452134.028420 813.05 761.159
1528452134.036549 815.41 763.871
1528452134.044561 822.97 766.826
1528452134.052782 825.65 769.767
1528452134.061021 829.98 772.778
1528452134.069304 835.99 775.939
1528452134.077544 838.71 779.077
1528452134.085708 844.07 782.327
1528452134.093896 848.47 785.634
1528452134.102013 853.51 789.028
1528452134.110104 859.38 792.545
1528452134.118321 864.82 796.159
1528452134.126399 867.75 799.739
1528452134.134591 872.42 803.373
1528452134.142845 877.53 807.081
1528452134.151039 881.39 810.796
1528452134.159222 886.12 814.562
1528452134.167436 894.49 818.559
1528452134.175636 896.81 822.471
1528452134.183847 901.79 826.437
1528452134.192000 908.71 830.551
1528452134.200231 913.76 834.711
1528452134.208500 918.84 838.918
1528452134.216572 922.8 843.112
1528452134.224826 929.29 847.421
1528452134.233026 933.86 851.743
1528452134.241228 938.72 856.092
1528452134.249430 944.74 860.524
1528452134.257707 950.74 865.035
1528452134.265936 956.5 869.608
1528452134.274067 963.51 874.303
1528452134.282256 966.82 878.929
1528452134.290392 973.67 883.666
1528452134.298559 979.37 888.451
1528452134.306747 983.92 893.225
1528452134.314967 989.97 898.062
1528452134.323109 993.74 902.846
1528452134.331441 999.36 907.672
1528452134.339684 1007.24 912.65
1528452134.348002 1012.87 917.661
1528452134.356395 1017.71 922.663
1528452134.364597 1026.15 927.838
1528452134.372893 1031.45 933.018
1528452134.381090 1037.58 938.246
1528452134.389467 1041.67 943.418
1528452134.397574 1047.73 948.633
1528452134.405918 1052.92 953.848
1528452134.414265 1058.17 959.064
1528452134.422561 1065.23 964.372
1528452134.430683 1071.25 969.716
1528452134.439063 1077.52 975.106
1528452134.447341 1085.12 980.607
1528452134.455633 1091.74 986.163
1528452134.463959 1096.93 991.702
1528452134.472227 1101.67 997.2
1528452134.480569 1109.86 1002.83
1528452134.488718 1115.42 1008.46
1528452134.496905 1120.6 1014.07
1528452134.505216 1126.82 1019.71
1528452134.513513 1132.3 1025.34
1528452134.521903 1138.97 1031.02
1528452134.530125 1145.94 1036.76
1528452134.538486 1152.63 1042.56
1528452134.546769 1157.78 1048.32
1528452134.554972 1165.42 1054.17
1528452134.563216 1170.27 1059.98
1528452134.571421 1176.57 1065.81
1528452134.579673 1181.64 1071.6
1528452134.588039 1186.94 1077.37
1528452134.596270 1195.45 1083.27
1528452134.604661 1201.48 1089.18
1528452134.612901 1208.25 1095.13
1528452134.621131 1213.27 1101.04
1528452134.629543 1221.21 1107.05
1528452134.637812 1226.53 1113.02
1528452134.646159 1231.96 1118.97
1528452134.654440 1237.55 1124.9
1528452134.662739 1241.93 1130.75
1528452134.670993 1249.54 1136.69
1528452134.679296 1255.34 1142.62
1528452134.687474 1262.93 1148.64
1528452134.695772 1266.62 1154.54
1528452134.704097 1275 1160.56
1528452134.712391 1280.91 1166.58
1528452134.720730 1286.94 1172.6
1528452134.728869 1291.93 1178.56
1528452134.737051 1296.14 1184.44
1528452134.745312 1301.85 1190.31
1528452134.753643 1308.15 1196.2
1528452134.761976 1315.37 1202.16
1528452134.770274 1323.31 1208.22
1528452134.778660 1327.73 1214.2
1528452134.786749 1332.74 1220.12
1528452134.795081 1338.53 1226.04
1528452134.803281 1343.87 1231.93
1528452134.811589 1348.85 1237.78
1528452134.819924 1355.12 1243.65
1528452134.828226 1359.26 1249.43
1528452134.836501 1363.82 1255.15
1528452134.844817 1371.06 1260.94
1528452134.853055 1377.03 1266.75
1528452134.861360 1382.81 1272.55
1528452134.869715 1387.32 1278.29
1528452134.877878 1391.45 1283.95
1528452134.886092 1395.39 1289.52
1528452134.894251 1400.68 1295.08
1528452134.902432 1405.65 1300.61
1528452134.910782 1409.64 1306.06
1528452134.919073 1413.14 1311.41
1528452134.927342 1418.45 1316.76
1528452134.935722 1426.06 1322.23
1528452134.943817 1430.02 1327.62
1528452134.952217 1433.37 1332.91
1528452134.960453 1439.36 1338.23
1528452134.968555 1445.03 1343.57
1528452134.976798 1445.44 1348.66
1528452134.985018 1450.8 1353.77
1528452134.993141 1455.92 1358.88
1528452135.001420 1460.04 1363.93
1528452135.010227 1461.61 1368.82
1528452135.018066 1468.66 1373.81
1528452135.026409 1471.56 1378.7
1528452135.034631 1473.88 1383.46
1528452135.043063 1479.07 1388.24
1528452135.051240 1482.03 1392.93
1528452135.059542 1484.15 1397.49
1528452135.067918 1488.69 1402.05
1528452135.076177 1492.74 1406.58
1528452135.084482 1495.99 1411.05
1528452135.092819 1498.84 1415.44
1528452135.101006 1501.8 1419.76
1528452135.109305 1504.85 1424.02
1528452135.117625 1509.03 1428.27
1528452135.125852 1512.21 1432.46
1528452135.133975 1514.13 1436.55
1528452135.142349 1518.46 1440.64
1528452135.150742 1520.83 1444.65
1528452135.159067 1523.83 1448.61
1528452135.167264 1528.52 1452.61
1528452135.175503 1529.08 1456.43
1528452135.183805 1532.27 1460.22
1528452135.192188 1535.13 1463.97
1528452135.200469 1538.02 1467.67
1528452135.208711 1537.45 1471.16
1528452135.217004 1540.7 1474.64
1528452135.225266 1542.83 1478.05
1528452135.233542 1545.86 1481.44
1528452135.241892 1546.62 1484.7
1528452135.250174 1548.21 1487.87
1528452135.258512 1550.59 1491.01
1528452135.266800 1550.89 1494
1528452135.275109 1551.68 1496.89
1528452135.283326 1553.61 1499.72
1528452135.291679 1556.04 1502.54
1528452135.300019 1555.55 1505.19
1528452135.308241 1557.69 1507.81
1528452135.316673 1558.99 1510.37
1528452135.324789 1558.78 1512.79
1528452135.333083 1562.48 1515.28
1528452135.341366 1562.56 1517.64
1528452135.349687 1561.97 1519.86
1528452135.357798 1564.6 1522.09
1528452135.366200 1563.03 1524.14
1528452135.374397 1564.26 1526.15
1528452135.382710 1563.47 1528.01
1528452135.390877 1564.69 1529.85
1528452135.399203 1563.07 1531.51
1528452135.407330 1566.08 1533.24
1528452135.415587 1563.98 1534.77
1528452135.423851 1563.88 1536.23
1528452135.432185 1562.05 1537.52
1528452135.440473 1562.65 1538.78
1528452135.448808 1561.95 1539.94
1528452135.457080 1561.3 1541
1528452135.465266 1559.47 1541.93
1528452135.473556 1559.87 1542.82
1528452135.481868 1559.69 1543.67
1528452135.490161 1558.5 1544.41
1528452135.498463 1557.65 1545.07
1528452135.506835 1555.24 1545.58
1528452135.515081 1555.4 1546.07
1528452135.523379 1553.09 1546.42
1528452135.531682 1551.86 1546.69
1528452135.539883 1550.61 1546.89
1528452135.548259 1548.23 1546.96
1528452135.556517 1546.43 1546.93
1528452135.564834 1545.81 1546.87
1528452135.572975 1542.71 1546.67
1528452135.581209 1540.44 1546.35
1528452135.589559 1539.56 1546.01
1528452135.597839 1538 1545.61
1528452135.606122 1533.48 1545.01
1528452135.614517 1532.91 1544.4
1528452135.622758 1531.72 1543.77
1528452135.631054 1527.98 1542.98
1528452135.639363 1525.43 1542.1
1528452135.647697 1522.49 1541.12
1528452135.655906 1519.88 1540.06
1528452135.664289 1515.24 1538.82
1528452135.672559 1515.57 1537.66
1528452135.680821 1513.06 1536.43
1528452135.689155 1510.89 1535.15
1528452135.697362 1505.55 1533.67
1528452135.705701 1500.18 1531.99
1528452135.714008 1497.14 1530.25
1528452135.722327 1494.52 1528.47
1528452135.730687 1490.71 1526.58
1528452135.738762 1488.04 1524.65
1528452135.746984 1484.98 1522.67
1528452135.755294 1481.81 1520.62
1528452135.763676 1477.87 1518.49
1528452135.771895 1474.47 1516.29
1528452135.780210 1470.12 1513.98
1528452135.788348 1466.24 1511.59
1528452135.796653 1460.58 1509.04
1528452135.805028 1457.15 1506.45
1528452135.813293 1452.6 1503.75
1528452135.821629 1448.48 1500.99
1528452135.830052 1445.9 1498.24
1528452135.838264 1440.56 1495.35
1528452135.846623 1434.25 1492.3
1528452135.854943 1428.92 1489.13
1528452135.863153 1424.28 1485.89
1528452135.871538 1419.77 1482.58
1528452135.879769 1413.92 1479.15
1528452135.888039 1410.11 1475.69
1528452135.896363 1406.31 1472.23
1528452135.904692 1401.34 1468.68
1528452135.912901 1395.76 1465.04
1528452135.921128 1390.68 1461.32
1528452135.929438 1384.71 1457.49
1528452135.937800 1375.95 1453.41
1528452135.945932 1372.04 1449.34
1528452135.954255 1367.41 1445.24
1528452135.962553 1362.81 1441.12
1528452135.970839 1357.9 1436.96
1528452135.979103 1351.91 1432.71
1528452135.987454 1346.6 1428.4
1528452135.995641 1341.18 1424.04
1528452136.003997 1334.33 1419.56
1528452136.012226 1324.63 1414.81
1528452136.020533 1321.24 1410.13
1528452136.028857 1314.7 1405.36
1528452136.037081 1308.75 1400.53
1528452136.045270 1300.58 1395.53
1528452136.053342 1297.34 1390.62
1528452136.061707 1289.72 1385.58
1528452136.069954 1284.28 1380.51
1528452136.078051 1279.1 1375.44
1528452136.086444 1270.85 1370.21
1528452136.094699 1264.52 1364.93
1528452136.102916 1257.45 1359.55
1528452136.111079 1251.8 1354.17
1528452136.119456 1246.05 1348.76
1528452136.127586 1240.07 1343.33
1528452136.135782 1233.06 1337.81
1528452136.144021 1225.53 1332.2
1528452136.152381 1220.42 1326.61
1528452136.160712 1212.25 1320.89
1528452136.169068 1207.8 1315.24
1528452136.177354 1198.89 1309.42
1528452136.185630 1191.93 1303.55
1528452136.193778 1185.26 1297.63
1528452136.202035 1177.62 1291.63
1528452136.210333 1171.25 1285.61
1528452136.218731 1163.63 1279.51
1528452136.227051 1156.05 1273.34
1528452136.235236 1149.3 1267.14
1528452136.243534 1141.61 1260.86
1528452136.251840 1138.9 1254.76
1528452136.260052 1128.3 1248.44
1528452136.268401 1121.47 1242.09
1528452136.276680 1114.32 1235.7
1528452136.284949 1103.3 1229.08
1528452136.293296 1099.34 1222.6
1528452136.301508 1092.14 1216.07
1528452136.309892 1087.11 1209.62
1528452136.318194 1079.3 1203.11
1528452136.326372 1073.72 1196.64
1528452136.334733 1068.19 1190.22
1528452136.342814 1059.6 1183.69
1528452136.351166 1051.29 1177.07
1528452136.359421 1044.15 1170.42
1528452136.367754 1037.04 1163.75
1528452136.376061 1031.09 1157.12
1528452136.384415 1025 1150.51
1528452136.392632 1017.27 1143.85
1528452136.401107 1008.8 1137.1
1528452136.409285 1002.01 1130.34
1528452136.417469 994.53 1123.55
1528452136.425601 989.04 1116.83
1528452136.433792 980.86 1110.03
1528452136.441996 976.74 1103.36
1528452136.450267 968.12 1096.6
1528452136.458356 962.22 1089.88
1528452136.466498 957.14 1083.25
1528452136.474572 949.76 1076.57
1528452136.482747 942.56 1069.87
1528452136.490957 937.7 1063.26
1528452136.499101 928.56 1056.53
1528452136.507303 922.97 1049.85
1528452136.515591 918.4 1043.28
1528452136.523824 910.51 1036.64
1528452136.531924 904.79 1030.05
1528452136.540129 898.48 1023.47
1528452136.548367 890.41 1016.81
1528452136.556586 886.85 1010.32
1528452136.564751 878.06 1003.7
1528452136.573036 872.55 997.146
1528452136.581224 866.36 990.607
1528452136.589437 859.94 984.073
1528452136.597580 853.05 977.522
1528452136.605663 845.89 970.941
1528452136.613926 841.83 964.485
1528452136.621944 835.29 958.025
1528452136.630085 828.49 951.549
1528452136.638298 823.2 945.131
1528452136.646587 819.25 938.837
1528452136.654841 812.16 932.503
1528452136.662860 807.38 926.247
1528452136.671164 799.47 919.908
1528452136.679301 794.39 913.632
1528452136.687729 790.79 907.49
1528452136.695438 785.64 901.398
1528452136.703744 777.85 895.22
1528452136.711836 774.66 889.192
1528452136.720049 769.15 883.19
1528452136.728138 762.65 877.163
1528452136.736376 759.34 871.272
1528452136.744525 753.71 865.394
1528452136.752749 749.15 859.582
1528452136.760915 744.66 853.836
1528452136.769245 741.01 848.194
1528452136.777335 733.59 842.464
1528452136.785548 731 836.891
1528452136.793817 726.69 831.381
1528452136.802056 722.81 825.952
1528452136.810126 719.74 820.642
1528452136.818365 714.08 815.314
1528452136.826573 711.47 810.121
1528452136.834787 707.72 805.001
1528452136.843005 703.98 799.95
1528452136.851252 700.27 794.966
1528452136.859512 695.75 790.005
1528452136.867689 694.37 785.224
1528452136.875811 688.06 780.366
1528452136.884077 687.2 775.707
1528452136.892309 685.54 771.199
1528452136.900476 680.07 766.642
1528452136.908702 676.59 762.14
1528452136.916966 676.18 757.842
1528452136.925128 671.4 753.52
1528452136.933269 669.88 749.338
1528452136.941486 667.69 745.255
1528452136.949675 665.46 741.266
1528452136.957727 662.43 737.324
1528452136.966058 659.12 733.414
1528452136.974186 659.14 729.7
1528452136.982428 656.88 726.059
1528452136.990530 653.96 722.454
1528452136.998508 653.5 719.006
1528452137.006713 651.99 715.655
1528452137.014942 650.77 712.411
1528452137.023103 649.23 709.252
1528452137.031321 649.97 706.288
1528452137.039553 645.95 703.271
1528452137.047708 644.93 700.354
1528452137.055928 644.83 697.578
1528452137.063910 643.6 694.879
1528452137.072128 645.17 692.394
1528452137.080228 642.57 689.902
1528452137.088478 644 687.607
1528452137.096688 640.97 685.275
1528452137.104949 640.57 683.04
1528452137.113003 642.13 680.995
1528452137.121275 641.44 679.017
1528452137.129520 640.77 677.105
1528452137.137808 643.03 675.401
1528452137.145872 642.09 673.735
1528452137.154055 641.42 672.119
1528452137.162103 640.63 670.545
1528452137.170394 641.09 669.072
1528452137.178610 643.4 667.789
1528452137.186738 644.45 666.622
1528452137.195016 642.87 665.434
1528452137.203171 646.29 664.477
1528452137.211394 645.35 663.521
1528452137.219601 645.31 662.61
1528452137.227794 648.32 661.896
1528452137.235991 649.26 661.264
1528452137.244257 650.1 660.706
1528452137.252478 651.97 660.269
1528452137.260723 652.43 659.877
1528452137.268701 655.75 659.671
1528452137.276937 656.2 659.497
1528452137.285134 656.95 659.37
1528452137.293368 659.82 659.392
1528452137.301523 661.36 659.491
1528452137.309840 663.7 659.701
1528452137.317937 664.9 659.961
1528452137.326150 666.61 660.293
1528452137.334540 668.71 660.714
1528452137.342638 669.77 661.167
1528452137.350858 673.09 661.763
1528452137.359044 675.24 662.437
1528452137.367124 677.82 663.206
1528452137.375271 677.52 663.922
1528452137.383469 682.09 664.83
1528452137.391534 683.5 665.764
1528452137.399521 684.35 666.693
1528452137.407770 687.99 667.758
1528452137.415800 691.27 668.934
1528452137.424060 692.48 670.111
1528452137.432270 695.76 671.393
1528452137.440372 699.19 672.783
1528452137.448399 700.99 674.193
1528452137.456697 703.14 675.641
1528452137.464912 706.45 677.181
1528452137.473120 709.38 678.791
1528452137.481244 712.83 680.493
1528452137.489500 714.82 682.209
1528452137.497591 717.95 683.997
1528452137.505752 721.32 685.863
1528452137.514088 725.13 687.826
1528452137.522229 727.63 689.816
1528452137.530464 729.36 691.793
1528452137.538725 733.38 693.873
1528452137.546731 736.18 695.988
1528452137.554889 737.52 698.065
1528452137.563023 742.1 700.266
1528452137.571142 745.37 702.522
1528452137.579375 746.61 704.726
1528452137.587414 750.24 707.002
1528452137.595735 756.32 709.468
1528452137.603730 758.73 711.931
1528452137.611768 760.49 714.359
1528452137.619943 762.38 716.76
1528452137.628150 766.31 719.237
1528452137.636336 768.3 721.69
1528452137.644523 773.61 724.286
1528452137.652718 778.56 727
1528452137.661345 779.69 729.635
1528452137.669006 783.55 732.33
1528452137.677250 785.47 734.987
1528452137.685487 788.97 737.686
1528452137.693680 791.17 740.361
1528452137.701975 795.66 743.126
1528452137.710165 799.06 745.922
1528452137.718337 802.84 748.768
1528452137.726382 806.11 751.635
1528452137.734556 806.57 754.382
1528452137.742541 810.82 757.204
1528452137.750630 813.85 760.036
1528452137.758820 818.82 762.975
1528452137.767032 819.85 765.819
1528452137.775080 823.9 768.723
1528452137.783282 826.44 771.609
1528452137.791532 829.4 774.499
1528452137.799700 833.09 777.428
1528452137.807901 837.42 780.428
1528452137.815892 838.6 783.336
1528452137.824097 842.1 786.275
1528452137.832164 844.24 789.173
1528452137.840321 848.84 792.156
1528452137.848582 852.89 795.193
1528452137.856787 855.58 798.212
1528452137.864937 855.86 801.095
1528452137.873154 861.36 804.108
1528452137.881192 862.81 807.043
1528452137.889470 866.04 809.993
1528452137.897581 869.26 812.956
1528452137.905768 870.35 815.826
1528452137.913814 874.36 818.753
1528452137.921981 877.31 821.68
1528452137.930128 879.06 824.549
1528452137.938447 882.47 827.445
1528452137.946522 886 830.373
1528452137.954655 888.73 833.291
1528452137.962725 892.48 836.25
1528452137.970916 893.97 839.136
1528452137.979151 897.5 842.055
1528452137.987227 899.55 844.929
1528452137.995456 903.86 847.876
1528452138.003718 906.58 850.811
1528452138.011847 909.93 853.767
1528452138.020081 912.71 856.714
1528452138.028249 913.03 859.53
1528452138.036402 916.03 862.355
1528452138.044644 918.13 865.144
1528452138.052849 923.64 868.069
1528452138.061087 926.17 870.974
1528452138.069080 927.73 873.811
1528452138.077328 930.37 876.639
1528452138.085573 934.62 879.538
1528452138.093762 936.19 882.371
1528452138.101985 938.17 885.161
1528452138.110247 939.45 887.875
1528452138.118243 943.82 890.673
1528452138.126494 945.83 893.431
1528452138.134704 948.65 896.191
1528452138.142913 951.85 898.974
1528452138.151161 954.13 901.732
1528452138.159381 956.52 904.472
1528452138.167522 958.29 907.162
1528452138.175804 960.09 909.809
1528452138.184072 963.19 912.478
1528452138.192258 964.39 915.074
1528452138.200327 968.07 917.723
1528452138.208604 971.53 920.414
1528452138.216785 972.72 923.029
1528452138.225041 974.34 925.595
1528452138.233294 977.02 928.166
1528452138.241419 980.07 930.761
1528452138.249677 979.73 933.209
1528452138.257846 985.3 935.814
1528452138.266002 985.01 938.274
1528452138.274099 987.97 940.759
1528452138.282209 990.92 943.267
1528452138.290246 992.45 945.726
1528452138.298461 993.89 948.134
1528452138.306560 994.52 950.453
1528452138.314890 997.8 952.821
1528452138.323054 999.53 955.156
1528452138.331244 1003.03 957.55
1528452138.339603 1003.08 959.826
1528452138.347887 1006.84 962.177
1528452138.356204 1007.74 964.455
1528452138.364392 1008.51 966.658
1528452138.372543 1010.26 968.838
1528452138.380813 1010.86 970.939
1528452138.389188 1013.4 973.062
1528452138.397444 1017.15 975.267
1528452138.405748 1018.79 977.443
1528452138.414018 1018.88 979.515
1528452138.422339 1020.42 981.56
1528452138.430604 1021.39 983.551
1528452138.439035 1023.71 985.559
1528452138.447323 1026 987.581
1528452138.455561 1028.44 989.624
1528452138.463815 1030.05 991.646
1528452138.472028 1030.26 993.576
1528452138.480443 1032.28 995.511
1528452138.488635 1032.1 997.341
1528452138.497052 1035.75 999.261
1528452138.505285 1036.23 1001.11
1528452138.513539 1035.87 1002.85
1528452138.521847 1038.33 1004.62
1528452138.530253 1040.92 1006.44
1528452138.538541 1042.1 1008.22
1528452138.546816 1042.69 1009.94
1528452138.555075 1042.92 1011.59
1528452138.563274 1045.66 1013.3
1528452138.571638 1046.64 1014.96
1528452138.579809 1046.12 1016.52
1528452138.588303 1047.46 1018.07
1528452138.596510 1049.93 1019.66
1528452138.604837 1051.47 1021.25
1528452138.613129 1050.34 1022.71
1528452138.621429 1051.9 1024.17
1528452138.629723 1051.03 1025.51
1528452138.637911 1053.33 1026.9
1528452138.646232 1055.46 1028.33
1528452138.654576 1055.22 1029.67
1528452138.662961 1057.37 1031.06
1528452138.671056 1056.98 1032.35
1528452138.679252 1059.29 1033.7
1528452138.687531 1057.95 1034.91
1528452138.695913 1059.84 1036.16
1528452138.704046 1061.48 1037.43
1528452138.712177 1063.87 1038.75
1528452138.720480 1061.47 1039.88
1528452138.728818 1062.29 1041
1528452138.737243 1063.47 1042.13
1528452138.745467 1063.88 1043.21
1528452138.753871 1064.74 1044.29
1528452138.762266 1063.82 1045.27
1528452138.770342 1066.43 1046.33
1528452138.778621 1066.12 1047.32
1528452138.786940 1066.92 1048.3
1528452138.795273 1067.53 1049.26
1528452138.803539 1067.37 1050.16
1528452138.811823 1068.77 1051.09
1528452138.820132 1067.74 1051.93
1528452138.828403 1069.01 1052.78
1528452138.836628 1070.83 1053.68
1528452138.844836 1069.42 1054.47
1528452138.853096 1069.12 1055.2
1528452138.861351 1070.93 1055.99
1528452138.869705 1070.09 1056.69
1528452138.877925 1072.07 1057.46
1528452138.886223 1069.99 1058.09
1528452138.894531 1070.48 1058.71
1528452138.902594 1070.81 1059.31
1528452138.910902 1071.98 1059.95
1528452138.919075 1069.85 1060.44
1528452138.927389 1072.48 1061.04
1528452138.935643 1070.89 1061.54
1528452138.943992 1072.33 1062.08
1528452138.952186 1072.11 1062.58
1528452138.960578 1071.64 1063.03
1528452138.968936 1070.31 1063.39
1528452138.977214 1070.9 1063.77
1528452138.985511 1071.92 1064.18
1528452138.993757 1070.47 1064.49
1528452139.002073 1070.65 1064.8
1528452139.010410 1071.03 1065.11
1528452139.018572 1070.02 1065.36
1528452139.026902 1070.62 1065.62
1528452139.035135 1069.88 1065.83
1528452139.043492 1069.65 1066.02
1528452139.051737 1067.97 1066.12
1528452139.059990 1068.75 1066.25
1528452139.068256 1067.16 1066.3
1528452139.076538 1067.09 1066.34
1528452139.084696 1066.78 1066.36
1528452139.093018 1065.07 1066.3
1528452139.101266 1064.64 1066.21
1528452139.109444 1064.74 1066.14
1528452139.117798 1065.06 1066.08
1528452139.126193 1064.98 1066.03
1528452139.134378 1063.62 1065.91
1528452139.142803 1062.42 1065.73
1528452139.151025 1061.71 1065.53
1528452139.159209 1061.99 1065.36
1528452139.167551 1060.28 1065.1
1528452139.175797 1060.83 1064.89
1528452139.184016 1058.92 1064.59
1528452139.192296 1059.65 1064.34
1528452139.200432 1057.53 1064
1528452139.208685 1055.08 1063.56
1528452139.216949 1057.16 1063.24
1528452139.225265 1055.83 1062.87
1528452139.233536 1053.37 1062.39
1528452139.241774 1053.37 1061.94
1528452139.250174 1051.69 1061.43
1528452139.258089 1050.64 1060.89
1528452139.266207 1051.04 1060.4
1528452139.274572 1049.62 1059.86
1528452139.282716 1048.05 1059.27
1528452139.291081 1045.59 1058.58
1528452139.299322 1047.33 1058.02
1528452139.307608 1045.89 1057.41
1528452139.316015 1043.18 1056.7
1528452139.324229 1042.99 1056.02
1528452139.332554 1040.42 1055.24
1528452139.340861 1040.7 1054.51
1528452139.349187 1038.22 1053.7
1528452139.357355 1037.5 1052.89
1528452139.365622 1036.97 1052.09
1528452139.373825 1033.81 1051.18
1528452139.382108 1034.09 1050.32
1528452139.390406 1029.86 1049.3
1528452139.398667 1029.73 1048.32
1528452139.407136 1029.5 1047.38
1528452139.415319 1029.08 1046.46
1528452139.423619 1025.7 1045.43
1528452139.431696 1022.58 1044.28
1528452139.439938 1023.29 1043.23
1528452139.448241 1020.93 1042.12
1528452139.456682 1019.83 1041
1528452139.464827 1018.76 1039.89
1528452139.473021 1018.1 1038.8
1528452139.481209 1013.54 1037.54
1528452139.489653 1014.03 1036.36
1528452139.497684 1009.51 1035.02
1528452139.506148 1008.23 1033.68
1528452139.514340 1006.89 1032.34
1528452139.522632 1004.96 1030.97
1528452139.530869 1004.13 1029.63
1528452139.539138 1003.91 1028.34
1528452139.547534 1000.6 1026.96
1528452139.555601 998.17 1025.52
1528452139.563883 997.6 1024.12
1528452139.572030 994.21 1022.63
1528452139.580218 992.36 1021.11
1528452139.588446 988.87 1019.5
1528452139.596700 987.22 1017.89
1528452139.604888 986.55 1016.32
1528452139.613049 983.79 1014.69
1528452139.621258 980.72 1013
1528452139.629386 980.05 1011.35
1528452139.637434 979 1009.73
1528452139.645561 975.34 1008.01
1528452139.653756 973.44 1006.28
1528452139.661943 970.23 1004.48
1528452139.670013 969.86 1002.75
1528452139.678454 969.24 1001.07
1528452139.686318 964.79 999.259
1528452139.694583 962.82 997.437
1528452139.702878 961.36 995.633
1528452139.710810 957.95 993.749
1528452139.719129 957.28 991.926
1528452139.727341 953.63 990.011
1528452139.735486 951.79 988.1
1528452139.743697 948.18 986.104
1528452139.751928 946.78 984.138
1528452139.760064 944.74 982.168
1528452139.768255 941.65 980.142
1528452139.776561 938.51 978.06
1528452139.784722 935.06 975.91
1528452139.793039 932.07 973.718
1528452139.801019 931.38 971.601
1528452139.809312 928.44 969.443
1528452139.817468 926.83 967.313
1528452139.825716 924.92 965.193
1528452139.833973 921.22 962.994
1528452139.842074 919.37 960.813
1528452139.850341 916.13 958.579
1528452139.858592 914.28 956.364
1528452139.866732 912.17 954.154
1528452139.874965 909.03 951.898
1528452139.883202 907.36 949.671
1528452139.891310 903.52 947.364
1528452139.899460 900.43 945.017
1528452139.907654 898.35 942.684
1528452139.915888 896.42 940.37
1528452139.924104 893.96 938.05
1528452139.932332 893.72 935.833
1528452139.940565 891.22 933.603
1528452139.948755 887.13 931.279
1528452139.956807 882.93 928.862
1528452139.965081 880.53 926.445
1528452139.973082 878.98 924.072
1528452139.981255 876.94 921.715
1528452139.989386 875.28 919.393
1528452139.997490 870.67 916.957
1528452140.005697 867.24 914.471
1528452140.013832 864.18 911.957
1528452140.022035 864 909.559
1528452140.030296 861.02 907.132
1528452140.038543 858.31 904.691
1528452140.046626 855.54 902.233
1528452140.054703 851.86 899.715
1528452140.062907 850.15 897.237
1528452140.071099 848.03 894.776
1528452140.079334 844.14 892.244
1528452140.087533 842.31 889.748
1528452140.095825 840.5 887.285
1528452140.103962 835.33 884.688
1528452140.112034 832.88 882.097
1528452140.120090 831.84 879.584
1528452140.128240 829.98 877.104
1528452140.136421 825.08 874.503
1528452140.144608 823.71 871.963
1528452140.152883 821.7 869.45
1528452140.161081 819.54 866.955
1528452140.169245 815.5 864.382
1528452140.177351 811 861.713
1528452140.185542 809.53 859.104
1528452140.193694 807.31 856.514
1528452140.201927 805.83 853.98
1528452140.210227 801.26 851.344
1528452140.218431 799.89 848.771
1528452140.226536 795.63 846.114
1528452140.234667 794.59 843.538
1528452140.242749 792.93 841.007
1528452140.250879 790.02 838.458
1528452140.259040 786.96 835.883
1528452140.267343 785.03 833.34
1528452140.275582 781.33 830.74
1528452140.283781 778.76 828.141
1528452140.291878 777.26 825.597
1528452140.300107 773.54 822.994
1528452140.308377 771.44 820.416
1528452140.316703 768.02 817.797
1528452140.324788 767.25 815.269
1528452140.332923 764.48 812.73
1528452140.341263 762.25 810.206
1528452140.349443 758.76 807.633
1528452140.357569 757.15 805.109
1528452140.365667 753.93 802.55
1528452140.373902 753.97 800.121
1528452140.382346 752.03 797.717
1528452140.390366 747.67 795.214
1528452140.398535 747.66 792.837
1528452140.406753 745.68 790.479
1528452140.414939 741.5 788.03
1528452140.423018 741.09 785.683
1528452140.431207 736.29 783.213
1528452140.439364 736.64 780.885
1528452140.447652 733.4 778.51
1528452140.455969 731.34 776.152
1528452140.463958 729.85 773.837
1528452140.472185 728.4 771.565
1528452140.480239 727.76 769.375
1528452140.488438 724.25 767.118
1528452140.496584 723.41 764.933
1528452140.504729 721.16 762.744
1528452140.512833 721.48 760.681
1528452140.521048 719.35 758.615
1528452140.529269 717.44 756.556
1528452140.537528 714.93 754.475
1528452140.545748 714.17 752.459
1528452140.553760 713.47 750.51
1528452140.562008 711.93 748.581
1528452140.570148 710.99 746.701
1528452140.578540 709.42 744.837
1528452140.586613 707.85 742.988
1528452140.594831 709.39 741.308
1528452140.602998 705.54 739.52
1528452140.611274 704.81 737.784
1528452140.619451 704.36 736.113
1528452140.627611 705.44 734.579
1528452140.635823 703.95 733.048
1528452140.644064 702.95 731.543
1528452140.652261 702.69 730.1
1528452140.660491 702.04 728.697
1528452140.668714 701.01 727.313
1528452140.676939 701.01 725.998
1528452140.685056 700.97 724.746
1528452140.693200 699.67 723.493
1528452140.701423 699.33 722.284
1528452140.709587 700.57 721.199
1528452140.717753 700.21 720.149
1528452140.725986 698.64 719.074
1528452140.734159 701.23 718.182
1528452140.742307 700.25 717.285
1528452140.750508 701.74 716.508
1528452140.758704 701.13 715.739
1528452140.766915 702.6 715.082
1528452140.775203 702.53 714.454
1528452140.783407 703.17 713.89
1528452140.791662 703.85 713.388
1528452140.799833 703.89 712.913
1528452140.807977 705.02 712.519
1528452140.816063 706.23 712.204
1528452140.824327 707.53 711.97
1528452140.832579 709.74 711.859
1528452140.840806 711.64 711.848
1528452140.848930 711.04 711.808
1528452140.857087 711.98 711.816
1528452140.865290 714.51 711.951
1528452140.873446 716.27 712.167
1528452140.881761 718.22 712.469
1528452140.889947 719.23 712.808
1528452140.898005 719.34 713.134
1528452140.906224 721.88 713.571
1528452140.914496 724.48 714.117
1528452140.922522 727.33 714.778
1528452140.930560 729.35 715.506
1528452140.938858 731.55 716.308
1528452140.946880 733.74 717.18
1528452140.955109 735.79 718.11
1528452140.963245 737.73 719.091
1528452140.971473 739.76 720.125
1528452140.979616 743.6 721.299
1528452140.987953 745.47 722.507
1528452140.996030 748.25 723.794
1528452141.004235 750.89 725.149
1528452141.012464 755.42 726.663
1528452141.020790 756.31 728.145
1528452141.029006 759.52 729.714
1528452141.037017 765.16 731.486
1528452141.045170 766.06 733.215
1528452141.053378 769.48 735.028
1528452141.061593 772.95 736.924
1528452141.069862 777.18 738.937
1528452141.077951 779.51 740.966
1528452141.086042 783.55 743.095
1528452141.094398 786.15 745.248
1528452141.102520 790.9 747.53
1528452141.110621 794.54 749.881
1528452141.118602 798.77 752.325
1528452141.126780 800.32 754.725
1528452141.134911 805.63 757.27
1528452141.143144 810.74 759.944
1528452141.151418 813.63 762.628
1528452141.159637 819.22 765.458
1528452141.167914 823.04 768.337
1528452141.176165 827.11 771.275
1528452141.184359 832.35 774.329
1528452141.192457 837.45 777.485
1528452141.200683 840.39 780.63
1528452141.208785 845.21 783.859
1528452141.216992 850.15 787.174
1528452141.225150 854.6 790.545
1528452141.233348 858.76 793.956
1528452141.241664 864.29 797.473
1528452141.249724 869.43 801.07
1528452141.258964 874.38 804.736
1528452141.266157 879.13 808.456
1528452141.274433 884.86 812.276
1528452141.282543 889.76 816.15
1528452141.290798 893.53 820.019
1528452141.299037 900.01 824.019
1528452141.307289 904.52 828.044
1528452141.315439 909.48 832.116
1528452141.323666 913.82 836.201
1528452141.331876 918.78 840.33
1528452141.340070 925.84 844.605
1528452141.348409 930.8 848.915
1528452141.356374 935.63 853.251
1528452141.364535 941.22 857.649
1528452141.372653 945.25 862.029
1528452141.380722 952.42 866.549
1528452141.388895 956.07 871.025
1528452141.397150 961.56 875.552
1528452141.405248 970.03 880.275
1528452141.413464 973.84 884.954
1528452141.421720 980.85 889.749
1528452141.429818 986.27 894.575
1528452141.437919 991.23 899.407
1528452141.446082 997.91 904.333
1528452141.454295 1000.82 909.157
1528452141.462413 1006.3 914.014
1528452141.470754 1013.05 918.966
1528452141.478977 1018.99 923.967
1528452141.487234 1023.55 928.946
1528452141.495603 1030.69 934.033
1528452141.503912 1036.25 939.144
1528452141.512186 1042.8 944.327
1528452141.520412 1049.25 949.573
1528452141.528746 1054.64 954.826
1528452141.537091 1058.96 960.033
1528452141.545422 1064.83 965.273
1528452141.553706 1072.8 970.649
1528452141.561864 1077.71 976.002
1528452141.570195 1084.38 981.421
1528452141.578398 1093.19 987.01
1528452141.586663 1097.4 992.529
1528452141.595068 1104.05 998.105
1528452141.603284 1111.25 1003.76
1528452141.611512 1116.9 1009.42
1528452141.619807 1121.33 1015.01
1528452141.628093 1128.6 1020.69
1528452141.636389 1135.25 1026.42
1528452141.644601 1140.45 1032.12
1528452141.652971 1146.79 1037.86
1528452141.661229 1152.34 1043.58
1528452141.669601 1159.27 1049.37
1528452141.677839 1165.63 1055.18
1528452141.686123 1173.09 1061.07
1528452141.694387 1177.49 1066.89
1528452141.702559 1183.52 1072.73
1528452141.710776 1188.63 1078.52
1528452141.719097 1194.81 1084.34
1528452141.727288 1202.31 1090.23
1528452141.735610 1208.25 1096.14
1528452141.743963 1214.52 1102.05
1528452141.752229 1222.21 1108.06
1528452141.760491 1227.04 1114.01
1528452141.768873 1233.01 1119.96
1528452141.777307 1238.45 1125.89
1528452141.785345 1247.25 1131.95
1528452141.793594 1250.66 1137.89
1528452141.801737 1255.71 1143.78
1528452141.810100 1263.94 1149.79
1528452141.818137 1270.71 1155.83
1528452141.826485 1275.79 1161.83
1528452141.834782 1281.12 1167.8
1528452141.843178 1286.88 1173.75
1528452141.851399 1292.37 1179.68
1528452141.859670 1298.6 1185.63
1528452141.868084 1302.83 1191.49
1528452141.876308 1308.93 1197.36
1528452141.884485 1314.15 1203.2
1528452141.892771 1320.78 1209.08
1528452141.901182 1325.87 1214.92
1528452141.909481 1332.89 1220.82
1528452141.917591 1339.43 1226.75
1528452141.925960 1345.15 1232.67
1528452141.934258 1350.82 1238.57
1528452141.942373 1354.77 1244.38
1528452141.950694 1359.72 1250.15
1528452141.959048 1365.7 1255.93
1528452141.967302 1370.8 1261.67
1528452141.975536 1375.92 1267.38
1528452141.983751 1381.92 1273.11
1528452141.992040 1388.48 1278.88
1528452142.000331 1391.97 1284.53
1528452142.008543 1398.39 1290.23
1528452142.016830 1399.96 1295.71
1528452142.025316 1406.66 1301.26
1528452142.033590 1411.68 1306.78
1528452142.041825 1415.43 1312.21
1528452142.050139 1418.95 1317.55
1528452142.058505 1422.75 1322.81
1528452142.066780 1429.97 1328.17
1528452142.075080 1433.22 1333.42
1528452142.083422 1437.83 1338.64
1528452142.091816 1443.87 1343.9
1528452142.099992 1448.44 1349.13
1528452142.108407 1452.26 1354.29
1528452142.116608 1455.3 1359.34
1528452142.124892 1461.75 1364.46
1528452142.133235 1464.97 1369.48
1528452142.141468 1468.06 1374.41
1528452142.149848 1474 1379.39
1528452142.157984 1478.64 1384.35
1528452142.166375 1480.11 1389.14
1528452142.174571 1483.57 1393.86
1528452142.182847 1486.61 1398.5
1528452142.191085 1490.01 1403.08
1528452142.199418 1495.31 1407.69
1528452142.207734 1498.4 1412.22
1528452142.216059 1499.24 1416.57
1528452142.224367 1504.69 1420.98
1528452142.232646 1507.48 1425.31
1528452142.240841 1511.81 1429.63
1528452142.249099 1513.84 1433.84
1528452142.257497 1517.91 1438.04
1528452142.265758 1521.66 1442.23
1528452142.274043 1523.01 1446.26
1528452142.282276 1525.14 1450.21
1528452142.290559 1528.12 1454.1
1528452142.298932 1532.8 1458.04
1528452142.307207 1532.48 1461.76
1528452142.315484 1535.08 1465.43
1528452142.323785 1539.14 1469.11
1528452142.331989 1540.6 1472.69
1528452142.340278 1541.98 1476.15
1528452142.348539 1544.35 1479.56
1528452142.356811 1545.75 1482.87
1528452142.365129 1546.6 1486.06
1528452142.373310 1550.04 1489.26
1528452142.381670 1552.67 1492.43
1528452142.389801 1552.96 1495.45
1528452142.398115 1553.62 1498.36
1528452142.406457 1556.79 1501.28
1528452142.414589 1557.18 1504.08
1528452142.422809 1557.92 1506.77
1528452142.431013 1561.49 1509.51
1528452142.439366 1561.26 1512.09
1528452142.447692 1561.5 1514.56
1528452142.456080 1562.56 1516.96
1528452142.464337 1563.06 1519.27
1528452142.472632 1562.12 1521.41
1528452142.480785 1563.34 1523.51
1528452142.489051 1564.61 1525.56
1528452142.497338 1563.57 1527.46
1528452142.505762 1564.59 1529.32
1528452142.513940 1566.3 1531.17
1528452142.522192 1564.86 1532.85
1528452142.530411 1565.36 1534.48
1528452142.538544 1562.96 1535.9
1528452142.546777 1563.15 1537.26
1528452142.554922 1563.38 1538.57
1528452142.563050 1563.74 1539.83
1528452142.571287 1563.93 1541.03
1528452142.579440 1563.68 1542.17
1528452142.587752 1560.99 1543.11
1528452142.596145 1561.48 1544.03
1528452142.604502 1557.14 1544.68
1528452142.612725 1556.93 1545.29
1528452142.620839 1556.61 1545.86
1528452142.629180 1555.69 1546.35
1528452142.637396 1553.44 1546.71
1528452142.645697 1551.66 1546.95
1528452142.653963 1553.88 1547.3
1528452142.662281 1548.97 1547.38
1528452142.670501 1548.39 1547.43
1528452142.678812 1544.64 1547.29
1528452142.687021 1543.24 1547.09
1528452142.695370 1539.91 1546.73
1528452142.703530 1539.34 1546.36
1528452142.711834 1536.84 1545.89
1528452142.719955 1534.08 1545.3
1528452142.728068 1534.07 1544.74
1528452142.736348 1529.83 1543.99
1528452142.744692 1528.81 1543.23
1528452142.752899 1526.88 1542.41
1528452142.761035 1523.21 1541.45
1528452142.769261 1520.99 1540.43
1528452142.777690 1517.6 1539.29
1528452142.785986 1515.51 1538.1
1528452142.794263 1512.58 1536.82
1528452142.802537 1507.23 1535.34
1528452142.810784 1504.94 1533.82
1528452142.819099 1501.67 1532.22
1528452142.827685 1499.21 1530.57
1528452142.835646 1494.23 1528.75
1528452142.843989 1490.88 1526.86
1528452142.852349 1487.77 1524.9
1528452142.860476 1484.06 1522.86
1528452142.868745 1479.48 1520.69
1528452142.876968 1474.23 1518.37
1528452142.885300 1471.6 1516.03
1528452142.893673 1469.63 1513.71
1528452142.901748 1466.15 1511.33
1528452142.910054 1463.21 1508.92
1528452142.918372 1457.38 1506.35
1528452142.926783 1453.63 1503.71
1528452142.935127 1447.49 1500.9
1528452142.943329 1443.25 1498.02
1528452142.951459 1438.14 1495.02
1528452142.959850 1432.85 1491.92
1528452142.968097 1428.13 1488.73
1528452142.976414 1424.73 1485.53
1528452142.984668 1420.49 1482.27
1528452142.993062 1416.24 1478.97
1528452143.001451 1408.14 1475.43
1528452143.009629 1404.08 1471.86
1528452143.018001 1397.69 1468.15
1528452143.026272 1393.41 1464.42
1528452143.034456 1386.82 1460.54
1528452143.042747 1381.85 1456.6
1528452143.051123 1379.62 1452.75
1528452143.059291 1372.91 1448.76
1528452143.067708 1368.08 1444.73
1528452143.076063 1360.77 1440.53
1528452143.084357 1355.03 1436.26
1528452143.092700 1348.28 1431.86
1528452143.100770 1343.38 1427.43
1528452143.109072 1337.16 1422.92
1528452143.117443 1331.43 1418.34
1528452143.125732 1325.59 1413.71
1528452143.134061 1321.13 1409.08
1528452143.142345 1313.11 1404.28
1528452143.150490 1306.46 1399.39
1528452143.158772 1298.61 1394.35
1528452143.167018 1291.24 1389.19
1528452143.175279 1286.3 1384.05
1528452143.183694 1280.57 1378.88
1528452143.191703 1273.94 1373.63
1528452143.199965 1266.71 1368.28
1528452143.208139 1260.49 1362.89
1528452143.216490 1255.23 1357.51
1528452143.224800 1248.24 1352.05
1528452143.233067 1240.89 1346.49
1528452143.241279 1234.52 1340.89
1528452143.249729 1227.12 1335.2
1528452143.257919 1223.49 1329.62
1528452143.266205 1216.03 1323.94
1528452143.274575 1206.72 1318.08
1528452143.282831 1200.53 1312.2
1528452143.291092 1193.91 1306.28
1528452143.299483 1185.39 1300.24
1528452143.307625 1178.93 1294.17
1528452143.315753 1171.27 1288.03
1528452143.324132 1164.59 1281.86
1528452143.332476 1158.26 1275.68
1528452143.340813 1151.17 1269.45
1528452143.349013 1142.74 1263.12
1528452143.357383 1137.86 1256.85
1528452143.365591 1130.41 1250.53
1528452143.373766 1123.13 1244.16
1528452143.382075 1114.75 1237.69
1528452143.390432 1109.49 1231.28
1528452143.398656 1101.21 1224.78
1528452143.406866 1095.1 1218.29
1528452143.415285 1088.4 1211.8
1528452143.423577 1080.67 1205.24
1528452143.431838 1072.72 1198.62
1528452143.439944 1067.32 1192.05
1528452143.448300 1059.74 1185.44
1528452143.456438 1052.82 1178.8
1528452143.464568 1047.36 1172.23
1528452143.472868 1038.99 1165.57
1528452143.481202 1032.84 1158.93
1528452143.489513 1025.9 1152.28
1528452143.497789 1018.65 1145.6
1528452143.506011 1011.86 1138.91
1528452143.514099 1004.26 1132.18
1528452143.522406 996.22 1125.38
1528452143.530528 991.51 1118.69
1528452143.538875 985.31 1112.02
1528452143.547142 977.62 1105.3
1528452143.555282 970.43 1098.56
1528452143.563429 964.37 1091.85
1528452143.571669 959.54 1085.23
1528452143.579795 950.95 1078.52
1528452143.588005 942.1 1071.7
1528452143.596280 937.32 1064.98
1528452143.604493 932.27 1058.34
1528452143.612680 926.65 1051.76
1528452143.620833 920.7 1045.21
1528452143.628963 912.93 1038.59
1528452143.637112 904.92 1031.91
1528452143.645237 900.31 1025.33
1528452143.653511 894.25 1018.77
1528452143.661735 888.04 1012.24
1528452143.669969 881.85 1005.72
1528452143.678065 875.21 999.193
1528452143.686364 868.1 992.638
1528452143.694532 861.36 986.074
1528452143.702671 855.68 979.554
1528452143.711046 850.2 973.087
1528452143.719062 843.32 966.598
1528452143.727322 837.61 960.149
1528452143.735491 832.51 953.767
1528452143.743590 827.43 947.45
1528452143.751800 818.76 941.016
1528452143.759887 814.1 934.67
1528452143.768062 809.85 928.429
1528452143.776282 801.64 922.089
1528452143.784537 796.19 915.794
1528452143.792897 791.77 909.593
1528452143.801014 785.16 903.372
1528452143.809228 783.66 897.386
1528452143.817425 778.13 891.423
1528452143.825639 770.09 885.357
1528452143.833843 767.28 879.453
1528452143.842105 761.5 873.555
1528452143.850239 757.67 867.761
1528452143.858514 752.02 861.974
1528452143.866693 747.22 856.236
1528452143.874850 742.74 850.561
1528452143.883049 737.47 844.907
1528452143.891247 734.07 839.365
1528452143.899454 727.73 833.783
1528452143.907620 724.18 828.303
1528452143.915740 719.75 822.875
1528452143.923971 716.07 817.535
1528452143.932033 713.14 812.315
1528452143.940207 707.74 807.087
1528452143.948455 706.2 802.042
1528452143.956639 702.35 797.058
1528452143.964901 698.86 792.148
1528452143.973123 694.86 787.283
1528452143.981118 691.43 782.491
1528452143.989359 690.11 777.872
1528452143.997613 685.73 773.265
1528452144.005767 682.61 768.732
1528452144.013984 678.52 764.221
1528452144.022220 675.53 759.787
1528452144.030479 672.7 755.432
1528452144.038795 669.91 751.156
1528452144.046705 666.57 746.927
1528452144.054888 666.17 742.889
1528452144.063071 661.49 738.819
1528452144.071279 661.99 734.978
1528452144.079523 661.54 731.306
1528452144.087578 657.96 727.638
1528452144.095677 654.71 723.992
1528452144.103808 655.03 720.544
1528452144.112061 654.06 717.22
1528452144.120281 652.16 713.967
1528452144.128336 649.64 710.75
1528452144.136653 649.46 707.686
1528452144.144783 646.93 704.648
1528452144.152893 645.92 701.712
1528452144.161128 645.58 698.905
1528452144.169155 647.17 696.318
1528452144.177243 644.77 693.741
1528452144.185526 643.06 691.207
1528452144.193759 643.65 688.829
1528452144.201939 643.11 686.543
1528452144.210020 642.46 684.339
1528452144.218172 642.34 682.239
1528452144.226417 640.26 680.14
1528452144.234575 641.18 678.192
1528452144.242848 641.05 676.335
1528452144.250844 642.61 674.649
1528452144.259076 642.44 673.038
1528452144.267182 640.72 671.422
1528452144.275363 640.66 669.884
1528452144.283635 641.02 668.441
1528452144.291819 643.73 667.205
1528452144.299904 643.32 666.011
1528452144.308087 644.22 664.922
1528452144.316376 645.64 663.958
1528452144.324485 647.17 663.118
1528452144.332587 647.95 662.36
1528452144.340732 649.45 661.714
1528452144.348778 650.83 661.17
1528452144.356980 651.66 660.695
1528452144.365169 654.45 660.382
1528452144.373346 654.69 660.098
1528452144.381518 654.79 659.832
1528452144.389582 658.15 659.748
1528452144.397711 658.49 659.685
1528452144.406041 659.9 659.696
1528452144.414136 661.24 659.773
1528452144.422345 663.06 659.938
1528452144.430592 664.91 660.186
1528452144.438805 667.61 660.557
1528452144.447041 669.52 661.006
1528452144.455342 671.9 661.55
1528452144.463414 672.33 662.089
1528452144.471695 676.31 662.8
1528452144.479939 679.73 663.647
1528452144.487985 682.63 664.596
1528452144.496172 681.68 665.45
1528452144.504324 685.75 666.465
1528452144.512456 686.48 667.466
1528452144.520718 690.06 668.596
1528452144.528969 694.68 669.9
1528452144.536916 695.35 671.172
1528452144.545163 699.57 672.592
1528452144.553397 699.93 673.959
1528452144.561646 703.52 675.437
1528452144.569791 706.99 677.015
1528452144.578109 709.07 678.618
1528452144.586264 711.5 680.262
1528452144.595622 715.55 682.026
1528452144.602629 719.18 683.884
1528452144.610875 720.1 685.695
1528452144.619111 725.24 687.672
1528452144.627202 727.82 689.679
1528452144.635465 729.98 691.694
1528452144.643599 733.84 693.802
1528452144.651908 735.29 695.876
1528452144.660115 740.12 698.088
1528452144.668240 741.48 700.258
1528452144.676405 745.48 702.519
1528452144.684467 747.56 704.771
1528452144.692745 751.88 707.126
1528452144.700911 755.8 709.56
1528452144.709098 758.19 711.992
1528452144.717315 762.47 714.516
1528452144.725542 763.87 716.983
1528452144.733577 767.77 719.523
1528452144.741826 771.25 722.109
1528452144.750188 773.33 724.67
1528452144.758032 778.15 727.344
1528452144.766199 782.77 730.115
1528452144.774461 785.12 732.866
1528452144.782476 787.36 735.59
1528452144.790651 790.99 738.36
1528452144.798896 793.47 741.116
1528452144.806845 797.26 743.923
1528452144.815105 801.06 746.78
1528452144.823344 803.73 749.627
1528452144.831491 807.65 752.528
1528452144.839741 810.79 755.442
1528452144.847800 812.48 758.293
1528452144.855980 816.53 761.205
1528452144.864238 819.25 764.108
1528452144.872411 822.69 767.037
1528452144.880464 828.16 770.093
1528452144.888529 829.45 773.061
1528452144.896682 832.28 776.022
1528452144.904883 837.51 779.096
1528452144.912931 839.79 782.131
1528452144.921092 841.54 785.101
1528452144.929127 842.75 787.984
1528452144.937340 847.61 790.965
1528452144.945575 851.66 794
1528452144.953821 853.97 796.998
1528452144.961874 858.09 800.053
1528452144.970151 858.92 802.996
1528452144.979729 862.59 805.976
1528452144.986495 866.52 809.003
1528452144.994697 868.62 811.984
1528452145.002769 870.73 814.921
1528452145.011030 875.26 817.938
1528452145.019232 877.28 820.905
1528452145.027395 881.03 823.911
1528452145.035598 883.1 826.871
1528452145.043863 887.14 829.884
1528452145.052077 888.98 832.839
1528452145.060326 893.05 835.85
1528452145.068550 896.57 838.886
1528452145.076806 898.6 841.871
1528452145.084815 901.09 844.832
1528452145.092976 902.65 847.723
1528452145.101222 906.72 850.673
1528452145.109325 909.91 853.635
1528452145.117497 910.97 856.502
1528452145.125737 914.45 859.399
1528452145.133874 916.97 862.278
1528452145.142123 920.65 865.196
1528452145.150352 922.37 868.055
1528452145.158551 924.43 870.874
1528452145.166772 928.3 873.745
1528452145.174921 930.36 876.576
1528452145.183165 936.33 879.563
1528452145.191405 935.26 882.348
1528452145.199657 940.35 885.248
1528452145.207805 941.27 888.049
1528452145.216065 943.98 890.846
1528452145.224328 945.87 893.597
1528452145.232501 950.72 896.453
1528452145.240696 953.52 899.307
1528452145.248903 955.63 902.123
1528452145.257096 957.35 904.884
1528452145.265316 958.69 907.574
1528452145.273471 961.05 910.248
1528452145.281598 964.6 912.966
1528452145.289822 967.24 915.68
1528452145.297836 969.71 918.381
1528452145.306158 971.46 921.035
1528452145.314335 974.78 923.722
1528452145.322551 974.89 926.281
1528452145.330744 976.96 928.815
1528452145.338870 981.83 931.465
1528452145.347167 980.64 933.924
1528452145.355412 984.39 936.447
1528452145.363446 987.3 938.99
1528452145.371585 988.2 941.451
1528452145.379761 989.92 943.874
1528452145.387959 993.44 946.352
1528452145.396212 993.61 948.715
1528452145.404423 997.09 951.134
1528452145.412542 998.42 953.498
1528452145.420776 1000.66 955.856
1528452145.429027 1001.74 958.151
1528452145.437116 1005.26 960.506
1528452145.445408 1005.73 962.767
1528452145.453630 1006.81 964.969
1528452145.461768 1011.9 967.316
1528452145.470080 1011.72 969.536
1528452145.478249 1014.46 971.782
1528452145.486573 1016.49 974.018
1528452145.494837 1017.26 976.18
1528452145.503190 1019.83 978.362
1528452145.511478 1020.36 980.462
1528452145.519555 1021.17 982.498
1528452145.527921 1023.31 984.538
1528452145.536249 1024.79 986.551
1528452145.544473 1027.47 988.597
1528452145.552711 1027.58 990.546
1528452145.561002 1030.34 992.536
1528452145.569330 1029.3 994.374
1528452145.577600 1033.69 996.34
1528452145.585890 1035.39 998.292
1528452145.594223 1034.5 1000.1
1528452145.602382 1037.1 1001.95
1528452145.610465 1037.81 1003.75
1528452145.618805 1040.58 1005.59
1528452145.627032 1039.8 1007.3
1528452145.635260 1042.95 1009.08
1528452145.643653 1043.84 1010.82
1528452145.651986 1043.47 1012.45
1528452145.660302 1044.49 1014.05
1528452145.668564 1046.56 1015.68
1528452145.676719 1048.11 1017.3
1528452145.684999 1049.7 1018.92
1528452145.693281 1048.76 1020.41
1528452145.701550 1052.32 1022.01
1528452145.709776 1050.76 1023.44
1528452145.718045 1053.09 1024.93
1528452145.726238 1052.83 1026.32
1528452145.734593 1055.86 1027.8
1528452145.742830 1055.72 1029.2
1528452145.751230 1057.31 1030.6
1528452145.759383 1057.67 1031.95
1528452145.767803 1058.33 1033.27
1528452145.776141 1059.16 1034.57
1528452145.784246 1061.07 1035.89
1528452145.792392 1060.95 1037.15
1528452145.800754 1062.23 1038.4
1528452145.809167 1062.31 1039.6
1528452145.817482 1061.86 1040.71
1528452145.825508 1064.22 1041.88
1528452145.833824 1063.89 1042.98
1528452145.842087 1065.21 1044.1
1528452145.850444 1065.69 1045.18
1528452145.858649 1065.35 1046.18
1528452145.866833 1066.85 1047.22
1528452145.875035 1065.59 1048.14
1528452145.883297 1067.97 1049.13
1528452145.891747 1067.22 1050.03
1528452145.900002 1067.32 1050.9
1528452145.908113 1070.62 1051.88
1528452145.916409 1070.19 1052.8
1528452145.924727 1068.44 1053.58
1528452145.933111 1069.87 1054.39
1528452145.941203 1069.33 1055.14
1528452145.949514 1068.94 1055.83
1528452145.957699 1069.61 1056.52
1528452145.965901 1069.37 1057.16
1528452145.974157 1068.35 1057.72
1528452145.982432 1071.63 1058.42
1528452145.990803 1070.54 1059.02
1528452145.999094 1070.95 1059.62
1528452146.007248 1071.72 1060.23
1528452146.015525 1070.66 1060.75
1528452146.023730 1072.05 1061.31
1528452146.031967 1071.29 1061.81
1528452146.040293 1070.77 1062.26
1528452146.048580 1071.06 1062.7
1528452146.056930 1071.41 1063.13
1528452146.065143 1070.6 1063.51
1528452146.073430 1069.81 1063.82
1528452146.081796 1070.53 1064.16
1528452146.089989 1069.6 1064.43
1528452146.098242 1069.11 1064.66
1528452146.106475 1069.78 1064.92
1528452146.114742 1068.34 1065.09
1528452146.122838 1069.51 1065.31
1528452146.131198 1066.5 1065.37
1528452146.139401 1067.84 1065.49
1528452146.147764 1066.68 1065.55
1528452146.155875 1068.23 1065.69
1528452146.164296 1068.3 1065.82
1528452146.172557 1067.19 1065.89
1528452146.180802 1065.54 1065.87
1528452146.189132 1064.78 1065.82
1528452146.197406 1066.66 1065.86
1528452146.205707 1065.66 1065.85
1528452146.213884 1062.96 1065.7
1528452146.222148 1064.78 1065.66
1528452146.230428 1063.09 1065.53
1528452146.238931 1062.77 1065.39
1528452146.247010 1060.68 1065.16
1528452146.255371 1059.48 1064.87
1528452146.263558 1060.41 1064.65
1528452146.271855 1057.55 1064.29
1528452146.280152 1057.67 1063.96
1528452146.288464 1056.95 1063.61
1528452146.296722 1057.41 1063.3
1528452146.305037 1055.11 1062.89
1528452146.313368 1054.03 1062.45
1528452146.321681 1053.9 1062.02
1528452146.329928 1052.14 1061.53
1528452146.338134 1053.57 1061.13
1528452146.346419 1051.47 1060.65
1528452146.354638 1051.41 1060.18
1528452146.362958 1048.36 1059.59
1528452146.371136 1047.94 1059.01
1528452146.379381 1046.28 1058.37
1528452146.387691 1045.3 1057.72
1528452146.395871 1046 1057.13
1528452146.404251 1044.4 1056.5
1528452146.412449 1042.71 1055.81
1528452146.420903 1039.8 1055.01
1528452146.429136 1040.41 1054.28
1528452146.437426 1037.37 1053.43
1528452146.445606 1035.98 1052.56
1528452146.453922 1035.89 1051.73
1528452146.462169 1034.4 1050.86
1528452146.470423 1034.36 1050.04
1528452146.478677 1032.23 1049.14
1528452146.486998 1029.28 1048.15
1528452146.495165 1029.37 1047.21
1528452146.503515 1025.69 1046.14
1528452146.511748 1026.25 1045.14
1528452146.519948 1025.04 1044.14
1528452146.528215 1023.1 1043.09
1528452146.536458 1021.8 1042.02
1528452146.544807 1019.9 1040.91
1528452146.553001 1015.58 1039.65
1528452146.561351 1016.56 1038.49
1528452146.569651 1015.26 1037.33
1528452146.577933 1012.08 1036.07
1528452146.586230 1010.74 1034.8
1528452146.594658 1009.15 1033.52
1528452146.602903 1006.8 1032.18
1528452146.611167 1006.28 1030.89
1528452146.619311 1004.58 1029.57
1528452146.627647 1001.94 1028.19
1528452146.635736 999.38 1026.75
1528452146.643938 999.01 1025.36
1528452146.652071 995.34 1023.86
1528452146.660394 994.91 1022.42
1528452146.668594 991.71 1020.88
1528452146.676563 990.99 1019.39
1528452146.684726 987.4 1017.79
1528452146.692976 987.24 1016.26
1528452146.701079 984.68 1014.68
1528452146.709165 982.92 1013.09
1528452146.717440 980.59 1011.47
1528452146.725574 978.28 1009.81
1528452146.733677 976.15 1008.12
1528452146.741989 974.7 1006.45
1528452146.750108 969.73 1004.62
1528452146.758802 970.44 1002.91
1528452146.766499 967.72 1001.15
1528452146.774824 965.15 999.349
1528452146.782797 963.43 997.553
1528452146.791073 961 995.725
1528452146.799101 958.69 993.874
1528452146.807306 956.05 991.983
1528452146.815524 954.38 990.102
1528452146.823772 952.67 988.231
1528452146.831993 948.41 986.24
1528452146.840233 946.44 984.25
1528452146.848411 944.84 982.279
1528452146.856483 944.35 980.383
1528452146.864780 940.43 978.385
1528452146.873034 935.94 976.263
1528452146.881152 934.34 974.167
1528452146.889327 932.59 972.088
1528452146.897254 930.14 969.991
1528452146.905561 928.83 967.932
1528452146.913686 925.66 965.819
1528452146.921820 922.82 963.669
1528452146.930034 920.6 961.515
1528452146.938139 917.53 959.316
1528452146.946377 914.69 957.085
1528452146.954572 913.32 954.897
1528452146.962642 909.69 952.636
1528452146.970847 908.47 950.428
1528452146.979115 905.61 948.187
1528452146.987265 902.75 945.915
1528452146.995584 899.1 943.574
1528452147.003679 897.36 941.264
1528452147.011882 894.56 938.929
1528452147.020088 893.01 936.633
1528452147.028281 890.08 934.305
1528452147.036418 887.88 931.984
1528452147.044791 884.31 929.6
1528452147.052813 882.82 927.261
1528452147.061146 877.76 924.786
1528452147.069319 876.12 922.353
1528452147.077450 872.75 919.873
1528452147.085682 869.4 917.349
1528452147.093873 867.7 914.867
1528452147.102066 866.49 912.448
1528452147.110252 862.66 909.958
1528452147.118480 859.94 907.457
1528452147.126647 858.53 905.011
1528452147.134777 858.02 902.661
1528452147.142998 852.29 900.143
1528452147.151133 848.61 897.566
1528452147.159176 847.16 895.046
1528452147.167428 844.67 892.527
1528452147.175602 842.3 890.016
1528452147.183888 838.01 887.415
1528452147.192067 836 884.845
1528452147.200300 835.84 882.394
1528452147.208408 829.43 879.746
1528452147.216586 826.59 877.088
1528452147.224737 824.63 874.466
1528452147.232949 823.11 871.898
1528452147.241205 819.51 869.278
1528452147.249451 816.03 866.616
1528452147.257598 815.49 864.06
1528452147.265831 811.49 861.431
1528452147.274011 808.95 858.807
1528452147.282107 806.6 856.197
1528452147.290335 803.07 853.54
1528452147.298504 801.48 850.937
1528452147.306643 799.06 848.344
1528452147.314790 794.8 845.666
1528452147.322982 791.5 842.958
1528452147.331273 789.36 840.278
1528452147.340127 789.08 837.718
1528452147.347602 786.27 835.146
1528452147.355714 782.31 832.504
1528452147.364004 780.67 829.912
1528452147.372231 777.11 827.272
1528452147.380453 775.24 824.671
1528452147.388732 772.79 822.077
1528452147.396878 769.97 819.471
1528452147.404909 768.49 816.922
1528452147.413020 765.4 814.346
1528452147.421208 763.52 811.805
1528452147.429437 761.87 809.308
1528452147.437473 759.2 806.803
1528452147.445587 756.45 804.285
1528452147.453771 752.39 801.69
1528452147.462089 751.68 799.19
1528452147.470293 749.4 796.7
1528452147.478548 746.87 794.209
1528452147.486748 745.57 791.777
1528452147.494873 743.33 789.354
1528452147.503045 741.24 786.949
1528452147.511304 740.28 784.615
1528452147.519367 736.96 782.233
1528452147.527620 734.86 779.864
1528452147.535778 731.96 777.469
1528452147.544003 730.9 775.14
1528452147.552139 728.92 772.829
1528452147.560281 727.95 770.585
1528452147.568406 724.92 768.302
1528452147.576584 724.78 766.126
1528452147.584819 721.4 763.89
1528452147.592909 719.99 761.695
1528452147.601108 718.73 759.546
1528452147.609325 718.11 757.475
1528452147.617549 715.31 755.366
1528452147.625714 714.86 753.341
1528452147.633997 713.69 751.358
1528452147.642068 712.67 749.424
1528452147.650271 711.13 747.509
1528452147.658360 709.35 745.601
1528452147.666636 708.72 743.757
1528452147.674797 709.46 742.042
1528452147.683041 706.27 740.254
1528452147.691130 706.22 738.552
1528452147.699195 704.63 736.856
1528452147.707376 703.36 735.181
1528452147.715599 703.67 733.606
1528452147.723685 702.36 732.043
1528452147.731871 702.25 730.554
1528452147.739968 702.34 729.143
1528452147.748174 701.07 727.739
1528452147.756398 701.52 726.428
1528452147.764287 700.01 725.107
1528452147.772467 700.43 723.874
1528452147.780753 701.26 722.743
1528452147.788983 699.17 721.564
1528452147.797177 701.23 720.548
1528452147.805282 701.24 719.582
1528452147.813504 702.06 718.706
1528452147.821807 701.41 717.841
1528452147.830047 701.46 717.022
1528452147.838321 701.27 716.235
1528452147.846410 702.73 715.559
1528452147.854484 703.44 714.953
1528452147.862599 702.72 714.342
1528452147.870861 701.8 713.715
1528452147.878975 705.15 713.286
1528452147.887166 704.64 712.854
1528452147.895273 707.03 712.563
1528452147.903485 707.81 712.325
1528452147.911684 708.51 712.134
1528452147.919907 709.97 712.026
1528452147.928073 711.51 712
1528452147.936190 712.67 712.034
1528452147.944377 713.6 712.112
1528452147.952633 718.74 712.444
1528452147.960849 716.73 712.658
1528452147.969049 720.68 713.059
1528452147.977192 722.79 713.546
1528452147.985396 723.47 714.042
1528452147.993542 723.75 714.527
1528452148.001724 727.78 715.19
1528452148.009766 730.27 715.944
1528452148.017949 730.9 716.692
1528452148.026196 734.78 717.596
1528452148.034393 735.56 718.494
1528452148.042611 737.55 719.447
1528452148.050835 741.21 720.535
1528452148.058901 743.02 721.659
1528452148.067141 745.5 722.851
1528452148.075205 748.47 724.132
1528452148.083297 750.41 725.446
1528452148.091486 754.97 726.922
1528452148.099632 758.46 728.499
1528452148.107895 760.89 730.119
1528452148.116156 762.52 731.739
1528452148.124365 766.38 733.471
1528452148.132363 772.04 735.399
1528452148.140369 774.56 737.357
1528452148.148581 777.23 739.351
1528452148.156855 781.12 741.44
1528452148.165019 783.92 743.564
1528452148.173219 789.27 745.849
1528452148.181562 791.07 748.11
1528452148.189668 795.77 750.493
1528452148.197880 798.84 752.91
1528452148.206119 803.31 755.43
1528452148.214280 809.17 758.117
1528452148.222532 810.05 760.714
1528452148.230645 816.86 763.521
1528452148.238840 817.94 766.242
1528452148.247010 824.27 769.144
1528452148.255136 829.17 772.145
1528452148.263318 832.11 775.143
1528452148.271509 835.56 778.164
1528452148.279664 842 781.356
1528452148.287906 847.48 784.662
1528452148.296153 851.44 788.001
1528452148.304486 856.62 791.432
1528452148.312814 861.53 794.937
1528452148.320720 865.62 798.471
1528452148.328873 871.45 802.12
1528452148.337161 875.23 805.775
1528452148.345266 879.97 809.485
1528452148.353479 886.08 813.315
1528452148.361785 892.08 817.253
1528452148.369921 896.93 821.237
1528452148.378087 900.61 825.206
1528452148.386387 906.66 829.278
1528452148.394492 911.05 833.367
1528452148.402767 914.81 837.439
1528452148.410721 920.69 841.602
1528452148.419027 924.41 845.742
1528452148.427081 931.53 850.031
1528452148.435507 936.44 854.352
1528452148.443435 941.46 858.707
1528452148.451566 949.91 863.267
1528452148.459755 952.69 867.739
1528452148.468019 960.45 872.374
1528452148.476085 965.33 877.022
1528452148.484310 970.17 881.679
1528452148.492460 977.05 886.448
1528452148.500695 979.9 891.12
1528452148.508972 987.49 895.939
1528452148.517194 994.8 900.882
1528452148.525271 1001.25 905.9
1528452148.533665 1005.85 910.898
1528452148.541932 1012.88 915.997
1528452148.550266 1016.58 921.026
1528452148.558582 1021.84 926.067
1528452148.566731 1029.04 931.215
1528452148.574857 1033.71 936.34
1528452148.583147 1039.45 941.496
1528452148.591610 1043.59 946.6
1528452148.599739 1051.44 951.842
1528452148.608112 1056.54 957.077
1528452148.616184 1063.25 962.386
1528452148.624445 1071.57 967.845
1528452148.632541 1077.64 973.335
1528452148.640815 1082.59 978.798
1528452148.649128 1089.09 984.312
1528452148.657453 1094.68 989.831
1528452148.665692 1100.46 995.362
1528452148.674042 1108.27 1001.01
1528452148.682334 1113.92 1006.65
1528452148.690510 1120.3 1012.34
1528452148.698749 1126.68 1018.05
1528452148.707033 1133.91 1023.85
1528452148.715262 1139.9 1029.65
1528452148.723525 1145.13 1035.42
1528452148.731837 1152.3 1041.27
1528452148.740078 1157.63 1047.08
1528452148.748442 1163.34 1052.9
1528452148.756747 1167.69 1058.64
1528452148.764984 1174.26 1064.42
1528452148.773273 1180.19 1070.21
1528452148.781703 1188.94 1076.14
1528452148.789969 1193.67 1082.02
1528452148.798097 1199.49 1087.89
1528452148.806399 1205.55 1093.78
1528452148.814704 1213.24 1099.75
1528452148.823110 1221.1 1105.82
1528452148.831457 1227.2 1111.89
1528452148.839677 1232.58 1117.92
1528452148.847802 1238.31 1123.94
1528452148.856125 1245.31 1130.01
1528452148.864291 1249.88 1136
1528452148.872401 1257.26 1142.07
1528452148.880758 1262.3 1148.08
1528452148.889075 1266.3 1153.99
1528452148.897368 1273.7 1159.97
1528452148.905553 1279.58 1165.95
1528452148.913813 1285.1 1171.91
1528452148.922100 1290.95 1177.86
1528452148.930315 1297.89 1183.86
1528452148.938550 1302.37 1189.79
1528452148.946851 1309.09 1195.75
1528452148.955253 1313.05 1201.62
1528452148.963568 1318.97 1207.49
1528452148.971936 1326.03 1213.41
1528452148.980136 1330.21 1219.25
1528452148.988516 1336.41 1225.11
1528452148.996734 1341.09 1230.91
1528452149.004935 1348.07 1236.77
1528452149.013100 1354.61 1242.66
1528452149.021296 1359.43 1248.5
1528452149.029632 1366.19 1254.38
1528452149.037947 1371.86 1260.26
1528452149.046202 1376.13 1266.05
1528452149.054558 1381.62 1271.83
1528452149.062865 1386.54 1277.57
1528452149.070934 1391.78 1283.28
1528452149.079364 1397.03 1288.96
1528452149.087645 1400.3 1294.53
1528452149.095910 1404.19 1300.01
1528452149.104005 1411.3 1305.58
1528452149.112229 1415.78 1311.09
1528452149.120578 1418.29 1316.45
1528452149.128795 1423.86 1321.82
1528452149.137158 1428.74 1327.16
1528452149.145321 1434.02 1332.51
1528452149.153637 1436.24 1337.69
1528452149.161905 1442.83 1342.95
1528452149.170115 1445.9 1348.1
1528452149.178455 1450.7 1353.23
1528452149.186700 1454.6 1358.3
1528452149.194932 1459.6 1363.36
1528452149.203163 1465.69 1368.48
1528452149.211524 1470.15 1373.56
1528452149.219731 1472.95 1378.53
1528452149.228117 1476.65 1383.44
1528452149.236407 1478.83 1388.21
1528452149.244736 1484.34 1393.01
1528452149.252967 1488.62 1397.79
1528452149.262483 1493.32 1402.57
1528452149.269416 1495.31 1407.21
1528452149.277789 1498.73 1411.78
1528452149.286195 1500.97 1416.24
1528452149.294355 1505.43 1420.7
1528452149.302686 1506.72 1425
1528452149.311039 1512.56 1429.38
1528452149.319232 1513.97 1433.61
1528452149.327423 1515.03 1437.68
1528452149.336839 1520.22 1441.81
1528452149.344050 1521.03 1445.77
1528452149.352392 1524.76 1449.72
1528452149.360675 1527.31 1453.6
1528452149.368929 1530.39 1457.44
