1528451850.473732 1068.34 974.681
1528451850.482099 1071.26 979.51
1528451850.490377 1070.34 984.051
1528451850.498615 1069.68 988.333
1528451850.506984 1070.61 992.447
1528451850.515176 1069.46 996.297
1528451850.523351 1069.09 999.937
1528451850.531588 1067.96 1003.34
1528451850.539735 1065.68 1006.46
1528451850.548130 1062.35 1009.25
1528451850.556284 1058.29 1011.7
1528451850.564479 1057.47 1013.99
1528451850.572822 1052.15 1015.9
1528451850.581258 1051.47 1017.68
1528451850.589499 1043.83 1018.98
1528451850.597879 1040.46 1020.06
1528451850.606080 1033.92 1020.75
1528451850.614342 1030.63 1021.25
1528451850.622655 1024.33 1021.4
1528451850.630763 1015.64 1021.11
1528451850.638976 1011.88 1020.65
1528451850.647223 1004.51 1019.84
1528451850.655476 998.48 1018.77
1528451850.663655 990.56 1017.36
1528451850.671691 983.04 1015.65
1528451850.679950 975.46 1013.64
1528451850.688132 967.11 1011.31
1528451850.696244 958.93 1008.69
1528451850.704414 949.3 1005.72
1528451850.712655 942.1 1002.54
1528451850.720859 930.61 998.946
1528451850.729057 920.92 995.044
1528451850.737299 911.29 990.857
1528451850.745394 901.43 986.385
1528451850.753633 891.07 981.62
1528451850.761825 878.56 976.467
1528451850.769977 870.05 971.146
1528451850.778129 859.93 965.585
1528451850.786275 851.13 959.862
1528451850.794479 839.87 953.863
1528451850.802477 828.87 947.613
1528451850.810689 820.69 941.267
1528451850.818981 809.84 934.695
1528451850.827222 797.87 927.854
1528451850.835185 789.06 920.914
1528451850.843416 779.59 913.848
1528451850.851618 768.71 906.591
1528451850.859855 762.23 899.373
1528451850.867965 753.37 892.073
1528451850.876175 744.16 884.677
1528451850.884429 738.25 877.356
1528451850.892635 730.67 870.022
1528451850.900876 724.51 862.746
1528451850.909081 719.03 855.56
1528451850.917199 710.79 848.322
1528451850.925457 707.52 841.282
1528451850.933650 705.11 834.473
1528451850.941838 701.88 827.844
1528451850.949959 704.59 821.681
1528451850.958254 701.43 815.668
1528451850.966432 702.92 810.031
1528451850.974523 704.73 804.766
1528451850.982753 708.28 799.942
1528451850.990884 713.08 795.598
1528451850.998910 721.01 791.869
1528451851.007084 728.95 788.723
1528451851.015290 735.41 786.057
1528451851.023517 745.02 784.006
1528451851.031599 758.08 782.709
1528451851.039786 767.98 781.973
1528451851.047994 783.27 782.038
1528451851.056057 796.28 782.75
1528451851.064356 812.25 784.225
1528451851.072553 827.91 786.409
1528451851.080718 843.06 789.242
1528451851.088900 861.51 792.855
1528451851.097140 881.26 797.275
1528451851.105224 901.17 802.47
1528451851.113286 922.93 808.493
1528451851.121469 943.52 815.244
1528451851.129749 966.59 822.812
1528451851.137976 990.01 831.172
1528451851.146180 1013.15 840.27
1528451851.154323 1037.81 850.147
1528451851.162650 1058.38 860.559
1528451851.170866 1084.63 871.763
1528451851.179129 1108.04 883.577
1528451851.187564 1131.5 895.973
1528451851.195884 1156.9 909.019
1528451851.203981 1181.15 922.626
1528451851.212258 1205.96 936.792
1528451851.220523 1229.52 951.429
1528451851.229063 1252.9 966.502
1528451851.237038 1277.64 982.059
1528451851.245265 1296.78 997.795
1528451851.253576 1318.35 1013.82
1528451851.261876 1338.85 1030.07
1528451851.270081 1358.91 1046.52
1528451851.278463 1378.26 1063.1
1528451851.286663 1396.52 1079.77
1528451851.294754 1416.05 1096.59
1528451851.303069 1434.59 1113.49
1528451851.311321 1451.79 1130.4
1528451851.319445 1469.15 1147.34
1528451851.327709 1482.85 1164.12
1528451851.336026 1495.37 1180.68
1528451851.344308 1509.09 1197.1
1528451851.352631 1521.81 1213.33
1528451851.360787 1528.48 1229.09
1528451851.369011 1538.73 1244.57
1528451851.377301 1546.26 1259.66
1528451851.385532 1552.74 1274.31
1528451851.393706 1555.91 1288.39
1528451851.402116 1558.99 1301.92
1528451851.410424 1561.25 1314.89
1528451851.418532 1559.96 1327.14
1528451851.426688 1559.29 1338.75
1528451851.434947 1554.99 1349.56
1528451851.443360 1550.57 1359.61
1528451851.451634 1546.46 1368.95
1528451851.459905 1538.24 1377.42
1528451851.468215 1531.21 1385.11
1528451851.476414 1519.87 1391.85
1528451851.484555 1508.94 1397.7
1528451851.492805 1496.73 1402.65
1528451851.501211 1483.23 1406.68
1528451851.509364 1469.05 1409.8
1528451851.517683 1451.88 1411.9
1528451851.525905 1435.08 1413.06
1528451851.534348 1417.09 1413.26
1528451851.542562 1396.19 1412.41
1528451851.550898 1375.77 1410.58
1528451851.559083 1352.5 1407.67
1528451851.567395 1328.97 1403.74
1528451851.575704 1306.98 1398.9
1528451851.583957 1282.62 1393.09
1528451851.592207 1256.76 1386.27
1528451851.600510 1236 1378.76
1528451851.608893 1208.38 1370.24
1528451851.617183 1182.35 1360.84
1528451851.625461 1156.87 1350.65
1528451851.633738 1128.94 1339.56
1528451851.642013 1106.23 1327.89
1528451851.650083 1078.82 1315.44
1528451851.658365 1053.49 1302.34
1528451851.666802 1025.25 1288.49
1528451851.674802 997.84 1273.96
1528451851.682877 971.57 1258.84
1528451851.690961 945.04 1243.15
1528451851.699147 921.68 1227.07
1528451851.707450 897.33 1210.59
1528451851.715646 872.78 1193.7
1528451851.723728 849.81 1176.5
1528451851.732028 825.96 1158.97
1528451851.740208 802.04 1141.13
1528451851.748504 782.08 1123.18
1528451851.756701 762.41 1105.14
1528451851.764859 743.23 1087.04
1528451851.772873 726.79 1069.03
1528451851.781244 712.61 1051.21
1528451851.789216 697.47 1033.52
1528451851.797474 687.58 1016.22
1528451851.805619 675.72 999.199
1528451851.813910 665.72 982.525
1528451851.821984 660.08 966.403
1528451851.830194 653.02 950.733
1528451851.838462 648.23 935.608
1528451851.846640 647.59 921.207
1528451851.854834 644.92 907.393
1528451851.863006 644.72 894.259
1528451851.871266 647.44 881.918
1528451851.879463 649.88 870.316
1528451851.887552 655.76 859.589
1528451851.895619 661.74 849.696
1528451851.903811 668.3 840.626
1528451851.912006 674.78 832.334
1528451851.920335 682.49 824.842
1528451851.928361 696.59 818.429
1528451851.936568 706.57 812.836
1528451851.944743 714.77 807.933
1528451851.953011 725.16 803.794
1528451851.961107 735.92 800.401
1528451851.969339 746.86 797.724
1528451851.977631 761.81 795.928
1528451851.985806 774.21 794.842
1528451851.994039 785.92 794.396
1528451852.002308 796.07 794.48
1528451852.010557 808.96 795.204
1528451852.018706 823.63 796.625
1528451852.026830 837.31 798.659
1528451852.035043 847.07 801.08
1528451852.043152 856.06 803.829
1528451852.051403 869.02 807.088
1528451852.059681 882.46 810.857
1528451852.067842 895.3 815.079
1528451852.075839 906.45 819.648
1528451852.084188 914.62 824.396
1528451852.092310 927.11 829.532
1528451852.100601 939.19 835.015
1528451852.108817 949.97 840.763
1528451852.116979 958.66 846.657
1528451852.125218 966.2 852.635
1528451852.133427 974.84 858.745
1528451852.141620 986.71 865.143
1528451852.149667 992.39 871.505
1528451852.157943 1000.42 877.951
1528451852.166174 1006.87 884.397
1528451852.174546 1014.17 890.886
1528451852.182765 1020.71 897.377
1528451852.190952 1028.28 903.922
1528451852.199129 1034.33 910.443
1528451852.207460 1038.16 916.828
1528451852.215608 1043.8 923.177
1528451852.223800 1047.84 929.41
1528451852.232199 1051.51 935.515
1528451852.240449 1053.46 941.412
1528451852.248752 1059.45 947.314
1528451852.257063 1061.8 953.039
1528451852.265330 1063.88 958.581
1528451852.273808 1066.49 963.976
1528451852.281908 1068.83 969.219
1528451852.290297 1069.58 974.237
1528451852.298655 1069.65 979.007
1528451852.306793 1070.08 983.561
1528451852.315022 1069.01 987.834
1528451852.323370 1071.67 992.025
1528451852.331649 1068.8 995.864
1528451852.339980 1068.62 999.502
1528451852.348215 1066.37 1002.85
1528451852.356411 1064.39 1005.92
1528451852.364992 1060.68 1008.66
1528451852.372986 1056.03 1011.03
1528451852.381203 1055.03 1013.23
1528451852.389483 1052.68 1015.2
1528451852.397704 1048.86 1016.88
1528451852.405998 1041.97 1018.14
1528451852.414299 1037.29 1019.1
1528451852.422591 1031.08 1019.7
1528451852.430798 1027 1020.06
1528451852.439161 1021.39 1020.13
1528451852.447389 1016.53 1019.95
1528451852.455765 1007.67 1019.33
1528451852.463890 1002.06 1018.47
1528451852.472145 993.55 1017.22
1528451852.480151 984.94 1015.61
1528451852.488590 979.27 1013.79
1528451852.496608 970.89 1011.65
1528451852.504738 962.97 1009.21
1528451852.512984 952.93 1006.4
1528451852.521027 945.91 1003.37
1528451852.529233 936.52 1000.03
1528451852.537510 927.62 996.412
1528451852.545672 916.99 992.441
1528451852.553791 906.5 988.143
1528451852.561971 896.1 983.541
1528451852.570199 885.88 978.658
1528451852.578337 876.63 973.557
1528451852.586546 865.99 968.178
1528451852.594765 855.88 962.564
1528451852.602950 846.16 956.743
1528451852.611095 835.28 950.67
1528451852.619249 823.57 944.315
1528451852.627472 815.65 937.882
1528451852.635757 805.16 931.246
1528451852.644030 791.97 924.282
1528451852.652157 782.05 917.17
1528451852.660367 774.34 910.029
1528451852.668555 766.19 902.837
1528451852.676727 755.46 895.468
1528451852.684722 747.88 888.089
1528451852.692997 740.14 880.691
1528451852.701037 731.01 873.207
1528451852.709285 726.96 865.895
1528451852.717418 721.93 858.697
1528451852.725772 715.81 851.552
1528451852.733925 711.43 844.546
1528451852.742137 706.53 837.645
1528451852.750358 704.02 830.964
1528451852.758561 700.98 824.465
1528451852.766777 702.03 818.343
1528451852.774873 701.93 812.522
1528451852.783111 703.9 807.091
1528451852.791274 708.32 802.153
1528451852.799566 712.47 797.669
1528451852.807682 716.21 793.596
1528451852.815804 724.9 790.161
1528451852.823763 733.21 787.313
1528451852.831962 743.39 785.117
1528451852.840238 752.56 783.489
1528451852.848464 764.94 782.562
1528451852.856485 778.91 782.379
1528451852.864670 792.01 782.861
1528451852.872994 808.68 784.152
1528451852.881136 824.83 786.186
1528451852.889342 842.34 788.993
1528451852.897484 860.58 792.573
1528451852.905655 876.76 796.782
1528451852.913664 899.39 801.913
1528451852.921943 920.29 807.831
1528451852.930180 939.36 814.408
1528451852.938293 963.07 821.841
1528451852.946410 987.48 830.123
1528451852.954807 1009.35 839.084
1528451852.963022 1035.15 848.888
1528451852.971211 1058.87 859.387
1528451852.979570 1083.28 870.581
1528451852.987768 1106.16 882.36
1528451852.996138 1129.56 894.72
1528451853.004246 1154.77 907.723
1528451853.012661 1180.79 921.376
1528451853.020789 1204.89 935.552
1528451853.029025 1229.31 950.24
1528451853.037345 1251.41 965.298
1528451853.045694 1275.2 980.793
1528451853.053810 1298.91 996.699
1528451853.061934 1318.33 1012.78
1528451853.070299 1337.55 1029.02
1528451853.078576 1357.43 1045.44
1528451853.086791 1379.41 1062.14
1528451853.095042 1396.41 1078.85
1528451853.103395 1418.11 1095.81
1528451853.111759 1435.58 1112.8
1528451853.119942 1452.68 1129.8
1528451853.128855 1470.2 1146.82
1528451853.136316 1486.22 1163.79
1528451853.144522 1496.39 1180.42
1528451853.152879 1509.07 1196.85
1528451853.161111 1520.05 1213.01
1528451853.169500 1530.69 1228.89
1528451853.177908 1539.92 1244.45
1528451853.186164 1544.52 1259.45
1528451853.194484 1552.14 1274.08
1528451853.202618 1556.64 1288.21
1528451853.210934 1558.38 1301.72
1528451853.219060 1560.41 1314.65
1528451853.227353 1560.46 1326.94
1528451853.235622 1558.56 1338.53
1528451853.243799 1556.11 1349.4
1528451853.251908 1552.05 1359.54
1528451853.260270 1546.72 1368.9
1528451853.268507 1539.37 1377.42
1528451853.276855 1531.58 1385.13
1528451853.285203 1521.31 1391.94
1528451853.293388 1508.96 1397.79
1528451853.301662 1496.65 1402.73
1528451853.309931 1482.55 1406.72
1528451853.318205 1468.26 1409.8
1528451853.326521 1456.2 1412.12
1528451853.334700 1438.51 1413.44
1528451853.343059 1419.64 1413.75
1528451853.351272 1399.39 1413.03
1528451853.359605 1378.4 1411.3
1528451853.367925 1356.47 1408.56
1528451853.376033 1330.9 1404.67
1528451853.384339 1309.6 1399.92
1528451853.392763 1285.38 1394.19
1528451853.400960 1262.31 1387.6
1528451853.409225 1236.73 1380.06
1528451853.417577 1210.37 1371.57
1528451853.425842 1187.17 1362.35
1528451853.434161 1160.36 1352.25
1528451853.442349 1131.57 1341.22
1528451853.450591 1104.83 1329.4
1528451853.459064 1079.4 1316.9
1528451853.467280 1054.13 1303.76
1528451853.475454 1027.22 1289.93
1528451853.483813 1000.66 1275.47
1528451853.491888 972.82 1260.34
1528451853.500071 946.78 1244.66
1528451853.508199 920.37 1228.44
1528451853.516416 895.8 1211.81
1528451853.524486 870.83 1194.76
1528451853.532689 845.42 1177.3
1528451853.540891 825.16 1159.69
1528451853.549102 802.02 1141.81
1528451853.557351 781.89 1123.81
1528451853.565482 761.4 1105.69
1528451853.573704 742.07 1087.51
1528451853.581963 725.07 1069.39
1528451853.590034 710.28 1051.43
1528451853.598206 694.83 1033.6
1528451853.606359 684.72 1016.16
1528451853.614632 672.09 998.954
1528451853.622664 666.8 982.346
1528451853.630770 657.66 966.112
1528451853.639072 652.56 950.434
1528451853.647188 649.6 935.393
1528451853.655323 645.69 920.908
1528451853.663381 645.58 907.141
1528451853.671525 645.09 894.039
1528451853.679632 646.01 881.637
1528451853.687892 651.16 870.113
1528451853.696043 657.17 859.466
1528451853.704298 665.34 849.76
1528451853.712507 669.96 840.77
1528451853.720556 677 832.581
1528451853.728763 685.14 825.209
1528451853.736895 697.64 818.831
1528451853.744967 709.78 813.378
1528451853.753214 716.06 808.512
1528451853.761386 728.98 804.536
1528451853.769502 738.03 801.21
1528451853.777801 749.92 798.646
1528451853.785934 763.97 796.912
1528451853.794149 778.19 795.976
1528451853.802352 789.66 795.66
1528451853.810567 798.47 795.801
1528451853.818687 810.86 796.554
1528451853.826674 824.56 797.954
1528451853.834784 838.34 799.973
1528451853.843076 850.34 802.492
1528451853.851120 860.48 805.391
1528451853.859178 870.7 808.656
1528451853.867290 883.36 812.392
1528451853.875539 895.85 816.565
1528451853.883725 906.97 821.085
1528451853.891891 917.87 825.924
1528451853.900160 926.49 830.952
1528451853.908361 938.52 836.331
1528451853.916563 951.46 842.087
1528451853.924806 959.57 847.961
1528451853.933020 968.23 853.975
1528451853.941227 977 860.126
1528451853.949357 985 866.37
1528451853.957644 993.05 872.704
1528451853.966001 1003.08 879.223
1528451853.974304 1008.29 885.676
1528451853.982588 1014.52 892.118
1528451853.990747 1021.45 898.585
1528451853.999053 1028.93 905.102
1528451854.007205 1034.01 911.547
1528451854.015330 1037.94 917.867
1528451854.023662 1042.46 924.097
1528451854.031814 1047.46 930.265
1528451854.040102 1052.57 936.38
1528451854.048581 1055.78 942.35
1528451854.056787 1060.84 948.275
1528451854.065001 1062.56 953.989
1528451854.073627 1064.86 959.532
1528451854.081500 1066.82 964.897
1528451854.089760 1068.48 970.076
1528451854.098178 1069.94 975.069
1528451854.106396 1071.78 979.905
1528451854.114583 1071.48 984.483
1528451854.122912 1069.56 988.737
1528451854.131187 1068.57 992.729
1528451854.139374 1070.3 996.607
1528451854.147732 1068.44 1000.2
1528451854.156059 1066.75 1003.53
1528451854.164158 1062.85 1006.49
1528451854.172375 1062.23 1009.28
1528451854.180569 1059.01 1011.77
1528451854.188908 1054.98 1013.93
1528451854.197161 1050.52 1015.76
1528451854.205366 1049 1017.42
1528451854.213690 1041.98 1018.65
1528451854.222036 1037.28 1019.58
1528451854.230243 1032.08 1020.2
1528451854.238644 1028.06 1020.6
1528451854.246828 1019.8 1020.56
1528451854.255025 1013.6 1020.21
1528451854.263302 1007.71 1019.58
1528451854.271438 1000.02 1018.61
1528451854.279575 991.89 1017.27
1528451854.287798 985.62 1015.69
1528451854.296000 976.88 1013.75
1528451854.304227 969.54 1011.54
1528451854.312324 960.97 1009.01
1528451854.320513 950.2 1006.07
1528451854.328747 941.38 1002.83
1528451854.337060 931.7 999.277
1528451854.345073 924.73 995.549
1528451854.353279 914.48 991.496
1528451854.361501 904.3 987.136
1528451854.369702 893.73 982.466
1528451854.377794 882.55 977.47
1528451854.385989 873.99 972.296
1528451854.394110 864.06 966.884
1528451854.402122 852.01 961.141
1528451854.410506 841.51 955.159
1528451854.418427 832.64 949.033
1528451854.426688 820.81 942.622
1528451854.435002 809.89 935.985
1528451854.443081 802.57 929.315
1528451854.451330 791.33 922.415
1528451854.459609 781.21 915.355
1528451854.467745 770.73 908.124
1528451854.476016 762.32 900.834
1528451854.484061 751.84 893.384
1528451854.492324 744.36 885.933
1528451854.500535 738.39 878.556
1528451854.508731 731.35 871.195
1528451854.516884 724.41 863.856
1528451854.525074 718.82 856.604
1528451854.533271 713.73 849.461
1528451854.541509 711.08 842.542
1528451854.549770 705.87 835.708
1528451854.557941 703.23 829.084
1528451854.566132 702.14 822.737
1528451854.574325 701.62 816.681
1528451854.582557 703.34 811.014
1528451854.590779 706.02 805.764
1528451854.598842 709.33 800.943
1528451854.607095 715.9 796.69
1528451854.615269 719.31 792.821
1528451854.623602 724.11 789.386
1528451854.631757 734.94 786.664
1528451854.639986 743.44 784.502
1528451854.648103 754.84 783.019
1528451854.656101 768.43 782.29
1528451854.664294 781.57 782.254
1528451854.672471 795.69 782.926
1528451854.680723 811.92 784.375
1528451854.689087 828.95 786.604
1528451854.697074 846.24 789.586
1528451854.705206 862.81 793.247
1528451854.713388 882.33 797.701
1528451854.721610 900.4 802.836
1528451854.729859 924.05 808.897
1528451854.738029 945.34 815.719
1528451854.746248 965.77 823.222
1528451854.754515 989.63 831.542
1528451854.762706 1013.49 840.639
1528451854.770973 1037.36 850.475
1528451854.779157 1061.62 861.033
1528451854.787549 1085.51 872.256
1528451854.795840 1108.71 884.079
1528451854.804173 1133.37 896.544
1528451854.812395 1156.99 909.566
1528451854.820646 1182.5 923.213
1528451854.829060 1208.78 937.491
1528451854.837355 1232.28 952.231
1528451854.845692 1256.16 967.427
1528451854.854038 1278.69 982.99
1528451854.862149 1303.65 999.023
1528451854.870452 1323.5 1015.25
1528451854.878875 1344.43 1031.71
1528451854.887119 1364.37 1048.34
1528451854.895342 1383.26 1065.09
1528451854.903618 1402.83 1081.97
1528451854.911900 1417.43 1098.75
1528451854.920061 1438.94 1115.76
1528451854.928291 1454.12 1132.67
1528451854.936623 1472.25 1149.65
1528451854.944961 1487.03 1166.52
1528451854.953184 1498.99 1183.14
1528451854.961480 1512.96 1199.64
1528451854.969819 1523.65 1215.84
1528451854.978123 1533.32 1231.71
1528451854.986357 1541.27 1247.19
1528451854.994762 1548 1262.23
1528451855.002975 1553.2 1276.78
1528451855.011338 1557.54 1290.82
1528451855.019762 1560.8 1304.31
1528451855.028004 1559.63 1317.08
1528451855.036229 1560.45 1329.25
1528451855.044490 1557.82 1340.68
1528451855.052847 1555.18 1351.4
1528451855.060983 1550.22 1361.34
1528451855.069252 1544.57 1370.5
1528451855.077566 1535.64 1378.76
1528451855.086006 1527.25 1386.19
1528451855.094221 1516.96 1392.72
1528451855.102607 1504.89 1398.33
1528451855.110825 1494.31 1403.13
1528451855.119167 1476.76 1406.81
1528451855.127388 1463.37 1409.64
1528451855.135493 1446.98 1411.51
1528451855.143842 1429.54 1412.41
1528451855.152041 1409.73 1412.28
1528451855.160487 1389.52 1411.14
1528451855.168680 1368.41 1409
1528451855.176878 1347.18 1405.91
1528451855.185176 1324.21 1401.83
1528451855.193593 1300.22 1396.75
1528451855.201830 1275.44 1390.68
1528451855.209993 1248.46 1383.57
1528451855.218290 1221.34 1375.46
1528451855.226699 1197.47 1366.56
1528451855.234978 1171.33 1356.8
1528451855.243251 1144.46 1346.18
1528451855.251481 1118.95 1334.82
1528451855.259835 1090.98 1322.63
1528451855.268054 1066 1309.8
1528451855.276343 1039.17 1296.26
1528451855.284637 1014.02 1282.15
1528451855.292730 984.96 1267.29
1528451855.300891 958.11 1251.83
1528451855.309175 931.45 1235.81
1528451855.317421 908.07 1219.43
1528451855.325582 881.76 1202.54
1528451855.333747 857.7 1185.3
1528451855.341835 833.58 1167.72
1528451855.350140 812.54 1149.96
1528451855.358253 792.11 1132.06
1528451855.366548 772.24 1114.07
1528451855.374785 752.47 1095.99
1528451855.382923 733.69 1077.88
1528451855.391084 716.95 1059.83
1528451855.399319 702.72 1041.98
1528451855.407473 690.29 1024.39
1528451855.415612 679.21 1007.13
1528451855.423722 670.55 990.303
1528451855.431942 661.53 973.864
1528451855.440104 656.48 957.995
1528451855.448282 649.69 942.58
1528451855.456494 645.96 927.749
1528451855.464650 645.67 913.645
1528451855.472800 644.73 900.199
1528451855.480962 645.07 887.443
1528451855.489217 648.9 875.516
1528451855.497425 650.54 864.267
1528451855.505663 658.06 853.957
1528451855.513807 663.65 844.441
1528451855.522025 673.66 835.902
1528451855.530360 679.86 828.1
1528451855.538480 690.04 821.197
1528451855.546649 701.83 815.229
1528451855.554887 714.25 810.18
1528451855.563086 723.52 805.847
1528451855.571318 731.31 802.12
1528451855.579414 744.33 799.23
1528451855.587626 757.01 797.119
1528451855.595672 770.54 795.79
1528451855.603883 784.41 795.221
1528451855.611943 793.99 795.16
1528451855.620144 804.79 795.641
1528451855.628397 818.24 796.771
1528451855.636515 833.12 798.589
1528451855.644625 847.78 801.048
1528451855.652896 857.08 803.85
1528451855.661090 866.76 806.995
1528451855.669294 880 810.646
1528451855.677611 895.28 814.877
1528451855.685716 905.37 819.402
1528451855.693888 916.91 824.277
1528451855.702052 924.2 829.274
1528451855.710312 933.75 834.497
1528451855.718596 947.16 840.13
1528451855.726745 958.6 846.054
1528451855.735037 969.46 852.224
1528451855.743328 975.74 858.4
1528451855.751436 982.75 864.618
1528451855.759610 992.07 870.99
1528451855.767916 1002.29 877.555
1528451855.776139 1007.75 884.065
1528451855.784265 1013.11 890.517
1528451855.792642 1019.45 896.964
1528451855.801035 1027.73 903.502
1528451855.809212 1033.93 910.023
1528451855.817506 1038.48 916.446
1528451855.825701 1043.81 922.815
1528451855.834071 1047.17 929.032
1528451855.842340 1051.45 935.153
1528451855.850656 1055.04 941.148
1528451855.858935 1059.15 947.048
1528451855.867273 1060.69 952.73
1528451855.875351 1064.17 958.302
1528451855.883678 1066.78 963.726
1528451855.891890 1068.27 968.953
1528451855.900281 1069.37 973.974
1528451855.908499 1070.53 978.802
1528451855.916866 1070.18 983.37
1528451855.925037 1069.82 987.693
1528451855.933271 1070.27 991.822
1528451855.941673 1067.87 995.624
1528451855.949864 1067.5 999.218
1528451855.958153 1065.36 1002.53
1528451855.966426 1064.16 1005.61
1528451855.974686 1063.07 1008.48
1528451855.983076 1057.8 1010.95
1528451855.991285 1054.02 1013.1
1528451855.999365 1053.18 1015.1
1528451856.007699 1047.9 1016.74
1528451856.016126 1041.75 1017.99
1528451856.024319 1039.18 1019.05
1528451856.032581 1032.76 1019.74
1528451856.040933 1026.53 1020.08
1528451856.049272 1022.38 1020.19
1528451856.057408 1014.31 1019.9
1528451856.065679 1007.42 1019.28
1528451856.073925 999.96 1018.31
1528451856.082158 993.62 1017.07
1528451856.090352 982.35 1015.34
1528451856.098509 976.79 1013.41
1528451856.106727 971.43 1011.31
1528451856.114949 961.31 1008.81
1528451856.123120 952.06 1005.97
1528451856.131289 944.01 1002.88
1528451856.139397 934.38 999.451
1528451856.147522 925.19 995.738
1528451856.155782 915.85 991.744
1528451856.163850 906.97 987.505
1528451856.171981 895.04 982.882
1528451856.180180 885.85 978.03
1528451856.188301 878.14 973.036
1528451856.196580 865.96 967.682
1528451856.204711 853.68 961.982
1528451856.212992 843.91 956.078
1528451856.221244 831.86 949.867
1528451856.229435 822.28 943.488
1528451856.237625 813.78 937.003
1528451856.245834 802.51 930.278
1528451856.254000 792.97 923.413
1528451856.262179 782.29 916.356
1528451856.270322 772.81 909.179
1528451856.278519 764.74 901.957
1528451856.286774 755.03 894.611
1528451856.294955 747.83 887.272
1528451856.303189 739.79 879.898
1528451856.311255 731.65 872.485
1528451856.319425 726.3 865.176
1528451856.327568 719.3 857.882
1528451856.335717 714.04 850.69
1528451856.343928 708.03 843.557
1528451856.352144 705.16 836.637
1528451856.360256 702.9 829.95
1528451856.368346 701.87 823.546
1528451856.376535 701.7 817.454
1528451856.384701 702.15 811.689
1528451856.392900 703.74 806.291
1528451856.401024 708.03 801.378
1528451856.409256 713.22 796.97
1528451856.417448 720.96 793.17
1528451856.425598 727.12 789.867
1528451856.433901 736.25 787.187
1528451856.442126 746.91 785.173
1528451856.450256 757.94 783.811
1528451856.458309 771.15 783.178
1528451856.466420 784.74 783.256
1528451856.474719 800.48 784.117
1528451856.482789 813.33 785.578
1528451856.490959 832.85 787.942
1528451856.499096 848.91 790.99
1528451856.507251 866.44 794.762
1528451856.515549 885.11 799.28
1528451856.523636 906.63 804.647
1528451856.532009 928.44 810.837
1528451856.540126 948.73 817.732
1528451856.548299 972.61 825.476
1528451856.556462 995.32 833.968
1528451856.564836 1021.63 843.351
1528451856.573135 1045.49 853.458
1528451856.581508 1067.32 864.151
1528451856.589748 1092.45 875.566
1528451856.598090 1119.73 887.774
1528451856.606220 1141.87 900.479
1528451856.614395 1165.24 913.717
1528451856.622577 1191.24 927.593
1528451856.630808 1215.14 941.97
1528451856.639171 1241.38 956.941
1528451856.647388 1268.29 972.508
1528451856.655702 1290.93 988.429
1528451856.663981 1312.04 1004.61
1528451856.672253 1332.8 1021.02
1528451856.680346 1353.26 1037.63
1528451856.688765 1373.26 1054.41
1528451856.697131 1394.03 1071.39
1528451856.705375 1411.05 1088.38
1528451856.713694 1427.95 1105.36
1528451856.722443 1446.45 1122.41
1528451856.730296 1465.36 1139.56
1528451856.738629 1480.53 1156.61
1528451856.746866 1496.05 1173.58
1528451856.755566 1505.95 1190.2
1528451856.763423 1516.73 1206.52
1528451856.771633 1527.44 1222.57
1528451856.780060 1537.29 1238.31
1528451856.788136 1546.6 1253.72
1528451856.796380 1553.2 1268.69
1528451856.804707 1555.78 1283.05
1528451856.813043 1558.72 1296.83
1528451856.821279 1559.96 1309.99
1528451856.829555 1562.92 1322.63
1528451856.837902 1559.26 1334.47
1528451856.846156 1557.26 1345.61
1528451856.854556 1555.34 1356.09
1528451856.862836 1548.99 1365.74
1528451856.871071 1542.16 1374.56
1528451856.879347 1531.54 1382.41
1528451856.887660 1523.68 1389.47
1528451856.896032 1513.7 1395.68
1528451856.904268 1502.73 1401.04
1528451856.912582 1487.92 1405.38
1528451856.920895 1474.54 1408.84
1528451856.929289 1458.6 1411.33
1528451856.937421 1441.11 1412.81
1528451856.945721 1425.03 1413.43
1528451856.953885 1403.35 1412.92
1528451856.962162 1381.08 1411.33
1528451856.970506 1359.12 1408.72
1528451856.978807 1339.72 1405.27
1528451856.987111 1315.97 1400.8
1528451856.995471 1292.62 1395.4
1528451857.003714 1265.61 1388.91
1528451857.011920 1239.02 1381.41
1528451857.020060 1211.84 1372.93
1528451857.028427 1187.41 1363.66
1528451857.036680 1160.24 1353.49
1528451857.045062 1133.56 1342.49
1528451857.053390 1108.27 1330.78
1528451857.061610 1080.01 1318.24
1528451857.069820 1053.32 1304.99
1528451857.078134 1028.09 1291.15
1528451857.086315 999.37 1276.56
1528451857.094498 971.63 1261.31
1528451857.102672 942.96 1245.4
1528451857.110874 917.24 1228.99
1528451857.119032 892.98 1212.19
1528451857.127252 867.68 1194.96
1528451857.135408 844.05 1177.42
1528451857.143645 821.88 1159.64
1528451857.151822 797.99 1141.56
1528451857.159968 777.75 1123.37
1528451857.168188 758.91 1105.14
1528451857.176364 739.55 1086.86
1528451857.184681 722.95 1068.67
1528451857.192711 707.46 1050.61
1528451857.200891 693.25 1032.74
1528451857.208966 680.55 1015.13
1528451857.217314 672.91 998.02
1528451857.225498 663.15 981.276
1528451857.233628 656.55 965.04
1528451857.241901 649.36 949.256
1528451857.250131 647.32 934.159
1528451857.258378 644.69 919.686
1528451857.266551 645.16 905.959
1528451857.274618 646.63 892.993
1528451857.282699 649.55 880.821
1528451857.290820 650.57 869.308
1528451857.299008 656.58 858.672
1528451857.307193 664.17 848.947
1528451857.315265 670.99 840.049
1528451857.323334 679.16 832.004
1528451857.331617 689.04 824.856
1528451857.340166 696.67 818.447
1528451857.347877 708.14 812.932
1528451857.356046 720.08 808.289
1528451857.364304 733.2 804.535
1528451857.372345 744.53 801.534
1528451857.380521 754.03 799.159
1528451857.388750 767.42 797.572
1528451857.396906 777.9 796.589
1528451857.405180 792.75 796.397
1528451857.413382 804.65 796.809
1528451857.421634 816.6 797.799
1528451857.430617 828.03 799.31
1528451857.438083 840.88 801.389
1528451857.446109 854.08 804.023
1528451857.454307 866.12 807.128
1528451857.462401 877.29 810.636
1528451857.470429 887 814.455
1528451857.478717 901.52 818.808
1528451857.486748 911.75 823.455
1528451857.495076 923.09 828.437
1528451857.502973 933.12 833.671
1528451857.511244 941.54 839.064
1528451857.519222 953.34 844.778
1528451857.527394 962.42 850.66
1528451857.535648 972.28 856.741
1528451857.543736 979.92 862.9
1528451857.552148 987.98 869.154
1528451857.560148 995.86 875.489
1528451857.568263 1003.9 881.91
1528451857.576566 1009.75 888.302
1528451857.584796 1015.93 894.683
1528451857.593111 1022.15 901.057
1528451857.601417 1030.5 907.529
1528451857.609605 1035.04 913.904
1528451857.617858 1040.79 920.249
1528451857.626250 1044.33 926.453
1528451857.634546 1049.91 932.626
1528451857.642742 1052.87 938.638
1528451857.650952 1056.97 944.554
1528451857.659227 1061.27 950.39
1528451857.667600 1062.31 955.986
1528451857.675851 1063.99 961.386
1528451857.684142 1067.6 966.697
1528451857.692354 1068.61 971.793
1528451857.700656 1069.6 976.683
1528451857.708915 1070.93 981.395
1528451857.717167 1070.57 985.854
1528451857.725586 1069.48 990.035
1528451857.733682 1069 993.984
1528451857.742037 1067.91 997.68
1528451857.750277 1065.55 1001.07
1528451857.758627 1065.31 1004.29
1528451857.766694 1062.28 1007.19
1528451857.775045 1059.34 1009.79
1528451857.783360 1055.76 1012.09
1528451857.791625 1053.83 1014.18
1528451857.800003 1048.82 1015.91
1528451857.808264 1045.65 1017.4
1528451857.816533 1041.06 1018.58
1528451857.824742 1035.27 1019.41
1528451857.833137 1028.85 1019.89
1528451857.841285 1021.67 1019.98
1528451857.849510 1014.93 1019.72
1528451857.857613 1007.98 1019.14
1528451857.865971 1002.6 1018.31
1528451857.873990 994.33 1017.11
1528451857.882223 984.97 1015.5
1528451857.890314 978.02 1013.63
1528451857.898612 969.92 1011.44
1528451857.906820 962.58 1009
1528451857.914917 953.66 1006.23
1528451857.923133 945.25 1003.18
1528451857.931391 935.85 999.818
1528451857.939586 925.38 996.096
1528451857.947742 916.25 992.104
1528451857.955817 906.22 987.809
1528451857.964028 898.76 983.357
1528451857.972328 887.1 978.544
1528451857.980398 877.37 973.485
1528451857.988603 867.61 968.192
1528451857.996859 855.78 962.571
1528451858.004957 846.36 956.76
1528451858.013089 836.83 950.764
1528451858.021345 825.77 944.514
1528451858.029521 814.53 938.015
1528451858.037756 804.13 931.321
1528451858.045910 793.9 924.45
1528451858.054043 784.04 917.429
1528451858.062265 773.48 910.232
1528451858.070612 764.15 902.928
1528451858.078662 754.07 895.485
1528451858.086819 746.91 888.056
1528451858.094951 738.39 880.573
1528451858.103170 731.78 873.133
1528451858.111451 726.79 865.816
1528451858.119667 719.96 858.523
1528451858.127761 713.34 851.264
1528451858.135988 709.38 844.17
1528451858.144026 705.28 837.225
1528451858.152278 704.91 830.61
1528451858.160563 702.28 824.193
1528451858.168708 700.89 818.028
1528451858.176926 699.57 812.105
1528451858.185188 703.92 806.696
1528451858.193402 707.11 801.716
1528451858.201588 712.51 797.256
1528451858.209760 719.03 793.345
1528451858.218046 726.09 789.982
1528451858.226274 735.44 787.255
1528451858.234396 742.92 785.038
1528451858.242618 752.08 783.39
1528451858.250840 768.94 782.668
1528451858.259071 779.46 782.507
1528451858.267296 794.87 783.126
1528451858.275589 809.44 784.441
1528451858.283589 825.54 786.496
1528451858.291803 844.44 789.393
1528451858.299875 861.79 793.013
1528451858.308093 880.57 797.391
1528451858.316305 899.07 802.475
1528451858.324402 917.89 808.246
1528451858.332571 941.15 814.891
1528451858.340686 963.96 822.344
1528451858.348918 987.89 830.622
1528451858.357284 1012.09 839.695
1528451858.365501 1036.74 849.547
1528451858.373859 1060.96 860.118
1528451858.382177 1084.66 871.345
1528451858.390434 1111.25 883.34
1528451858.398766 1135.24 895.935
1528451858.407065 1159.65 909.121
1528451858.415255 1183.78 922.854
1528451858.423406 1208.44 937.133
1528451858.431696 1237.17 952.135
1528451858.440019 1261.55 967.606
1528451858.448342 1283.61 983.406
1528451858.456668 1307.5 999.611
1528451858.465097 1328.78 1016.07
1528451858.473277 1349.97 1032.76
1528451858.481493 1371.02 1049.68
1528451858.489777 1390.48 1066.72
1528451858.498326 1410.03 1083.88
1528451858.506441 1426.59 1101.02
1528451858.514708 1444.83 1118.21
1528451858.523015 1460.26 1135.31
1528451858.531358 1479.22 1152.51
1528451858.539602 1495.75 1169.67
1528451858.547753 1505.33 1186.45
1528451858.556071 1516.71 1202.96
1528451858.564269 1527.49 1219.19
1528451858.572606 1538 1235.13
1528451858.580943 1545.47 1250.65
1528451858.589203 1551.82 1265.71
1528451858.597533 1556.16 1280.23
1528451858.605679 1559.65 1294.2
1528451858.613910 1560.76 1307.53
1528451858.622195 1563.05 1320.3
1528451858.630376 1558.79 1332.23
1528451858.638673 1555.91 1343.41
1528451858.646905 1554.46 1353.97
1528451858.655102 1548.72 1363.7
1528451858.663438 1541.69 1372.6
1528451858.671731 1533.85 1380.66
1528451858.683062 1525.37 1387.9
1528451858.688348 1514.59 1394.23
1528451858.696468 1502.45 1399.65
1528451858.704689 1490.39 1404.18
1528451858.712971 1473.63 1407.65
1528451858.721362 1456.81 1410.11
1528451858.729618 1440.24 1411.62
1528451858.737877 1423.02 1412.19
1528451858.746005 1405.3 1411.84
1528451858.754283 1385.69 1410.54
1528451858.762689 1362.87 1408.15
1528451858.770773 1340.25 1404.76
1528451858.779052 1319.68 1400.5
1528451858.787406 1294.44 1395.2
1528451858.795660 1268 1388.84
1528451858.803932 1241.67 1381.48
1528451858.812186 1216.07 1373.21
1528451858.820520 1189.68 1364.04
1528451858.828563 1162.34 1353.95
1528451858.836783 1135.69 1343.04
1528451858.844850 1111.41 1331.46
1528451858.853286 1083.69 1319.07
1528451858.861567 1056.05 1305.92
1528451858.869802 1031.41 1292.19
1528451858.878096 1004.21 1277.79
1528451858.886391 978.03 1262.8
1528451858.894584 948.57 1247.09
1528451858.902602 922.69 1230.87
1528451858.910896 898.74 1214.27
1528451858.919101 873.02 1197.2
1528451858.927321 848.86 1179.79
1528451858.935485 826.83 1162.14
1528451858.943799 802.82 1144.17
1528451858.951871 784.92 1126.21
1528451858.960053 765.11 1108.16
1528451858.968100 745.85 1090.04
1528451858.976236 727.87 1071.93
1528451858.984399 713.31 1054
1528451858.992667 696.97 1036.15
1528451859.000910 685.17 1018.6
1528451859.009166 673.44 1001.34
1528451859.017345 664.71 984.51
1528451859.025464 657.64 968.167
1528451859.033666 652.77 952.397
1528451859.041766 648.53 937.204
1528451859.049814 646.2 922.653
1528451859.058038 646.31 908.836
1528451859.066217 644.36 895.612
1528451859.074552 647.79 883.221
1528451859.082681 650.11 871.566
1528451859.090926 652.99 860.637
1528451859.099039 662.19 850.715
1528451859.107193 667.54 841.556
1528451859.115449 675.97 833.277
1528451859.123695 685.7 825.898
1528451859.131875 693.28 819.267
1528451859.140054 707.05 813.656
1528451859.148261 718.47 808.897
1528451859.156529 731.02 805.003
1528451859.164708 741.4 801.823
1528451859.172909 752.14 799.339
1528451859.181148 764.54 797.599
1528451859.189437 778.12 796.625
1528451859.197552 793.74 796.48
1528451859.205953 803.09 796.811
1528451859.214035 815.14 797.727
1528451859.222249 827.48 799.215
1528451859.230377 841.88 801.348
1528451859.238724 854.28 803.995
1528451859.246823 867.33 807.162
1528451859.255056 877.36 810.672
1528451859.263323 887.78 814.527
1528451859.271505 900.91 818.846
1528451859.279605 912.51 823.529
1528451859.287808 922.3 828.468
1528451859.295837 932.3 833.659
1528451859.304040 942.89 839.121
1528451859.312203 952.09 844.769
1528451859.320348 964.77 850.769
1528451859.328508 974.39 856.95
1528451859.336714 980.08 863.107
1528451859.344924 986.66 869.285
1528451859.353194 997.09 875.675
1528451859.361463 1004.78 882.13
1528451859.369820 1012.02 888.625
1528451859.378052 1017.16 895.051
1528451859.386369 1022.44 901.421
1528451859.394644 1030.06 907.853
1528451859.403077 1036.69 914.295
1528451859.411857 1040.2 920.59
1528451859.419534 1046.42 926.881
1528451859.427653 1050.62 933.068
1528451859.435866 1052.68 939.049
1528451859.444122 1057.93 944.993
1528451859.452336 1059.94 950.74
1528451859.460694 1061.36 956.271
1528451859.468926 1066.13 961.764
1528451859.477251 1066.39 966.996
1528451859.485526 1067.75 972.033
1528451859.493889 1069.07 976.885
1528451859.502155 1070.51 981.566
1528451859.510566 1069.64 985.97
1528451859.518860 1069.7 990.157
1528451859.526956 1067.82 994.04
1528451859.535248 1067.04 997.69
1528451859.543572 1067.21 1001.17
1528451859.551910 1063.52 1004.28
1528451859.560197 1061.7 1007.15
1528451859.568492 1059.08 1009.75
1528451859.576702 1056.05 1012.07
1528451859.584963 1050.43 1013.98
1528451859.593231 1047.32 1015.65
1528451859.601563 1042.5 1016.99
1528451859.609910 1039.45 1018.12
1528451859.618050 1033.17 1018.87
1528451859.626319 1028.62 1019.36
1528451859.634524 1023.03 1019.54
1528451859.642845 1015.01 1019.31
1528451859.651156 1007.62 1018.73
1528451859.659466 1000.15 1017.8
1528451859.667675 995.36 1016.68
1528451859.675945 985.52 1015.12
1528451859.684181 976.34 1013.18
1528451859.692416 967.55 1010.9
1528451859.700517 961.05 1008.41
1528451859.708608 951.63 1005.57
1528451859.716818 946.29 1002.6
1528451859.725064 935.69 999.258
1528451859.733309 925.24 995.558
1528451859.741513 915.76 991.568
1528451859.749731 906.37 987.308
1528451859.757896 897.38 982.811
1528451859.766539 887.42 978.042
1528451859.774197 874.53 972.866
1528451859.782410 864.22 967.434
1528451859.790651 855.35 961.83
1528451859.798719 842.36 955.856
1528451859.806925 832.7 949.698
1528451859.815150 824.41 943.434
1528451859.823360 811.93 936.859
1528451859.831687 802.77 930.154
1528451859.839785 792.21 923.257
1528451859.848053 781.54 916.171
1528451859.856261 770.59 908.892
1528451859.864372 761.35 901.515
1528451859.872738 753.42 894.11
1528451859.880862 742.04 886.507
1528451859.889032 736.27 878.995
1528451859.897093 728.18 871.454
1528451859.905306 721.83 863.973
1528451859.913516 718.97 856.723
1528451859.921762 712.84 849.529
1528451859.929848 708.38 842.471
1528451859.938102 705.7 835.633
1528451859.946258 702.28 828.965
1528451859.954410 700.73 822.553
1528451859.962614 700.31 816.441
1528451859.970875 703.45 810.792
1528451859.979060 706.91 805.598
1528451859.987286 711.39 800.887
1528451859.995549 715.53 796.619
1528451860.003676 722.78 792.927
1528451860.011961 730 789.781
1528451860.020042 735.33 787.058
1528451860.028258 746.85 785.048
1528451860.036237 760.06 783.799
1528451860.044489 772.58 783.238
1528451860.052733 787.38 783.445
1528451860.060917 803.57 784.451
1528451860.069166 816.38 786.047
1528451860.077225 832.34 788.362
1528451860.085470 852.56 791.572
1528451860.093663 870.8 795.533
1528451860.101947 890.81 800.297
1528451860.110028 909.76 805.77
1528451860.118259 928.52 811.908
1528451860.126518 951.57 818.891
1528451860.134681 975.86 826.739
1528451860.143030 1002.38 835.521
1528451860.151328 1024.06 844.948
1528451860.159666 1046.61 855.031
1528451860.167921 1069.63 865.761
1528451860.176227 1096.75 877.311
1528451860.184406 1122.68 889.579
1528451860.192644 1148.28 902.514
1528451860.200863 1168.78 915.828
1528451860.209156 1194.55 929.764
1528451860.217526 1221.39 944.345
1528451860.225776 1248.26 959.541
1528451860.234118 1273.47 975.237
1528451860.242468 1296.6 991.305
1528451860.250831 1316.53 1007.57
1528451860.259089 1339.45 1024.16
1528451860.267229 1360.6 1040.98
1528451860.275481 1380.49 1057.96
1528451860.283729 1399.92 1075.06
1528451860.292021 1416.89 1092.15
1528451860.300307 1435.27 1109.3
1528451860.308727 1451.34 1126.41
1528451860.316895 1466.56 1143.41
1528451860.325032 1484.27 1160.46
1528451860.333187 1497.24 1177.3
1528451860.341450 1510.3 1193.95
1528451860.349693 1517.93 1210.14
1528451860.357927 1527.51 1226.01
1528451860.366315 1538.22 1241.62
1528451860.374662 1545.74 1256.83
1528451860.382842 1552.3 1271.6
1528451860.391168 1557.77 1285.91
1528451860.399559 1561 1299.67
1528451860.407707 1561.3 1312.75
1528451860.416054 1562.27 1325.22
1528451860.424326 1559.37 1336.93
1528451860.432515 1556.28 1347.9
1528451860.440842 1553.51 1358.18
1528451860.449119 1547.47 1367.64
1528451860.457274 1542.57 1376.39
1528451860.465708 1532.55 1384.2
1528451860.473797 1524.55 1391.22
1528451860.481997 1514.62 1397.39
1528451860.490360 1500.5 1402.54
1528451860.498681 1487.27 1406.78
1528451860.506946 1471.87 1410.03
1528451860.515193 1454.78 1412.27
1528451860.523536 1438.35 1413.57
1528451860.531854 1419.22 1413.86
1528451860.540140 1400.65 1413.2
1528451860.548497 1377.43 1411.41
1528451860.556772 1356.09 1408.64
1528451860.565051 1331.27 1404.77
1528451860.573435 1305.91 1399.83
1528451860.581815 1282.73 1393.97
1528451860.590067 1257.05 1387.13
1528451860.598263 1232.28 1379.39
1528451860.606576 1202.05 1370.52
1528451860.614883 1173.79 1360.68
1528451860.623150 1151.94 1350.25
1528451860.631344 1123.77 1338.92
1528451860.639676 1097.86 1326.87
1528451860.648028 1068.13 1313.93
1528451860.656382 1041.56 1300.31
1528451860.664602 1014.39 1286.02
1528451860.672782 986.97 1271.06
1528451860.680858 962.79 1255.65
1528451860.689010 935.63 1239.65
1528451860.697119 909.34 1223.13
1528451860.705256 883.88 1206.17
1528451860.713350 858.5 1188.79
1528451860.721685 837.47 1171.22
1528451860.729803 813.88 1153.36
1528451860.737910 792.39 1135.31
1528451860.745976 772.63 1117.17
1528451860.754218 755.69 1099.1
1528451860.762482 736.33 1080.96
1528451860.770618 719.01 1062.86
1528451860.778826 704.54 1044.95
1528451860.787076 690.69 1027.23
1528451860.795277 678.34 1009.79
1528451860.803562 670.17 992.808
1528451860.811704 660.7 976.203
1528451860.819868 655.7 960.178
1528451860.828095 650.83 944.71
1528451860.836395 647.62 929.856
1528451860.844560 644.3 915.578
1528451860.852655 643.2 901.959
1528451860.860809 647.64 889.243
1528451860.868942 649.57 877.26
1528451860.876971 654.68 866.131
1528451860.885205 657.78 855.713
1528451860.893411 664.67 846.161
1528451860.901630 672.49 837.477
1528451860.909674 681.71 829.689
1528451860.917751 693.22 822.866
1528451860.925772 703.46 816.895
1528451860.934408 709.41 811.521
1528451860.942284 721.11 807
1528451860.950451 733.5 803.325
1528451860.958667 749.02 800.61
1528451860.966871 760.93 798.626
1528451860.975032 774.24 797.407
1528451860.983291 784.62 796.767
1528451860.991529 796.82 796.77
1528451860.999824 811.11 797.487
1528451861.008061 823.36 798.781
1528451861.016135 835.55 800.619
1528451861.024336 845.93 802.885
1528451861.032364 857.46 805.614
1528451861.040441 871.18 808.892
1528451861.048711 882.61 812.578
1528451861.056713 892.56 816.577
1528451861.064946 903.53 820.925
1528451861.073075 913.87 825.572
1528451861.081303 926.83 830.635
1528451861.089401 939.15 836.06
1528451861.097659 946.56 841.585
1528451861.105911 956.55 847.334
1528451861.114096 966.67 853.3
1528451861.122338 976.47 859.459
1528451861.130564 984.1 865.691
1528451861.138741 992.73 872.043
1528451861.146877 999.74 878.428
1528451861.155252 1006.78 884.845
1528451861.163577 1015.23 891.365
1528451861.171729 1020.1 897.801
1528451861.180054 1027.17 904.27
1528451861.188395 1032.11 910.662
1528451861.196720 1039.16 917.087
1528451861.204933 1042.69 923.367
1528451861.213058 1049.02 929.65
1528451861.221435 1052.21 935.778
1528451861.229801 1055.03 941.74
1528451861.237983 1058.71 947.589
1528451861.246245 1061.96 953.307
1528451861.254466 1065.89 958.936
1528451861.262850 1066.28 964.304
1528451861.271049 1068.68 969.522
1528451861.279304 1069.38 974.515
1528451861.287599 1069.37 979.258
1528451861.295902 1070.76 983.833
1528451861.304048 1070.19 988.151
1528451861.312339 1070.51 992.269
1528451861.320748 1069.92 996.151
1528451861.328953 1067 999.694
1528451861.337085 1065.68 1002.99
1528451861.345377 1061.58 1005.92
1528451861.353814 1058.86 1008.57
1528451861.362049 1054.98 1010.89
1528451861.370344 1052.62 1012.98
1528451861.378519 1048.2 1014.74
1528451861.386891 1045.51 1016.28
1528451861.395010 1041.54 1017.54
1528451861.403348 1033.87 1018.36
1528451861.411714 1028.67 1018.87
1528451861.419956 1021.88 1019.02
1528451861.428203 1018.63 1019
1528451861.436484 1012.01 1018.65
1528451861.444717 1004.89 1017.96
1528451861.452995 994.55 1016.79
1528451861.461203 989.52 1015.43
1528451861.469385 982.54 1013.79
1528451861.477572 970.4 1011.62
1528451861.485714 963.27 1009.2
1528451861.493901 956.36 1006.56
1528451861.502076 947.88 1003.62
1528451861.510301 936.4 1000.26
1528451861.518502 928.81 996.69
1528451861.526744 919.09 992.81
1528451861.534914 908.64 988.601
1528451861.542985 898.71 984.107
1528451861.551154 889.29 979.366
1528451861.559274 879.78 974.386
1528451861.567536 870.05 969.17
1528451861.575689 858.72 963.647
