1528451850.528027 808.49 970.641
1528451850.536191 816.15 962.917
1528451850.544371 823.58 955.95
1528451850.552448 834.15 949.86
1528451850.560691 846.29 944.681
1528451850.568738 852.04 940.049
1528451850.577161 864.49 936.271
1528451850.585202 876.83 933.299
1528451850.593420 890.43 931.156
1528451850.601402 903.16 929.756
1528451850.609653 914.03 928.97
1528451850.617852 925.7 928.806
1528451850.626091 938.64 929.298
1528451850.634508 952.34 930.45
1528451850.642591 966.37 932.246
1528451850.650764 979.15 934.591
1528451850.659114 990.32 937.378
1528451850.667412 1000.76 940.547
1528451850.675786 1014.4 944.239
1528451850.684085 1026.64 948.36
1528451850.692291 1038.63 952.873
1528451850.700735 1050.67 957.763
1528451850.709131 1060.04 962.877
1528451850.717405 1072.02 968.334
1528451850.725573 1082.34 974.034
1528451850.733969 1094.28 980.047
1528451850.742243 1106.27 986.358
1528451850.750605 1114.27 992.753
1528451850.758826 1126.92 999.462
1528451850.767291 1133.91 1006.18
1528451850.775400 1143.56 1013.05
1528451850.783603 1153.26 1020.06
1528451850.791849 1160.59 1027.09
1528451850.800151 1166.25 1034.05
1528451850.808455 1172.25 1040.96
1528451850.816764 1179.01 1047.86
1528451850.825124 1185.52 1054.74
1528451850.833407 1192.6 1061.64
1528451850.841700 1197.02 1068.41
1528451850.850084 1202.5 1075.11
1528451850.858478 1207.32 1081.72
1528451850.866780 1210.29 1088.15
1528451850.875135 1214.97 1094.49
1528451850.883436 1218.81 1100.71
1528451850.891734 1221.94 1106.77
1528451850.900098 1223.05 1112.58
1528451850.908399 1224.64 1118.18
1528451850.916847 1225.45 1123.55
1528451850.925106 1229.03 1128.82
1528451850.933513 1228.67 1133.81
1528451850.941853 1229.7 1138.61
1528451850.949990 1229.28 1143.14
1528451850.958346 1226.82 1147.33
1528451850.966676 1227.89 1151.35
1528451850.975041 1226.06 1155.09
1528451850.983288 1227.02 1158.69
1528451850.991688 1222.63 1161.88
1528451850.999911 1219.88 1164.78
1528451851.008257 1218.25 1167.46
1528451851.016522 1212.06 1169.69
1528451851.024772 1210.89 1171.75
1528451851.033158 1207.03 1173.51
1528451851.041444 1200.31 1174.85
1528451851.049743 1195.36 1175.88
1528451851.058135 1188.83 1176.52
1528451851.066449 1184.75 1176.94
1528451851.074902 1180.65 1177.12
1528451851.083130 1174.45 1176.99
1528451851.091568 1165.92 1176.43
1528451851.099663 1158.56 1175.54
1528451851.107865 1149.14 1174.22
1528451851.116297 1141.5 1172.58
1528451851.124624 1134.48 1170.68
1528451851.132938 1123.82 1168.34
1528451851.141296 1115.61 1165.7
1528451851.149522 1104.88 1162.66
1528451851.157676 1095.01 1159.28
1528451851.166035 1085.99 1155.61
1528451851.174204 1073.64 1151.51
1528451851.182417 1063.65 1147.12
1528451851.190872 1052.45 1142.39
1528451851.199163 1042.44 1137.39
1528451851.207393 1028.47 1131.94
1528451851.215700 1016.37 1126.16
1528451851.224068 1005.3 1120.12
1528451851.232158 989.41 1113.59
1528451851.240366 978.94 1106.85
1528451851.248632 967.61 1099.89
1528451851.256844 954.76 1092.63
1528451851.264871 943.46 1085.18
1528451851.272950 928.5 1077.34
1528451851.281256 915.02 1069.23
1528451851.289394 903.66 1060.95
1528451851.297672 889.52 1052.38
1528451851.305802 877.72 1043.64
1528451851.314125 864.17 1034.67
1528451851.322290 851.57 1025.52
1528451851.330582 838.62 1016.17
1528451851.338881 826.07 1006.67
1528451851.347266 816.37 997.151
1528451851.355459 803.52 987.469
1528451851.363490 794.84 977.838
1528451851.371791 784.55 968.173
1528451851.379869 774.98 958.514
1528451851.388095 768.14 948.995
1528451851.396281 759.51 939.521
1528451851.404574 754.5 930.27
1528451851.412910 751.16 921.314
1528451851.421139 746.43 912.57
1528451851.429312 745.36 904.209
1528451851.437657 742.5 896.124
1528451851.445945 743.58 888.497
1528451851.454149 745.83 881.363
1528451851.462493 748.99 874.745
1528451851.470585 758.43 868.929
1528451851.478755 765.52 863.759
1528451851.486893 772.87 859.214
1528451851.495013 783.91 855.449
1528451851.503343 796.69 852.511
1528451851.511326 812.27 850.499
1528451851.519635 825.49 849.248
1528451851.527689 844.22 848.997
1528451851.536057 863.16 849.705
1528451851.544115 882.71 851.355
1528451851.552349 900.82 853.829
1528451851.560645 924.71 857.373
1528451851.569422 946.81 861.845
1528451851.577036 973.31 867.418
1528451851.585328 998.28 873.961
1528451851.593593 1022.3 881.378
1528451851.601781 1046.35 889.627
1528451851.610141 1073.82 898.836
1528451851.618507 1101.66 908.977
1528451851.626851 1127.36 919.897
1528451851.635266 1155.1 931.657
1528451851.643604 1184.24 944.286
1528451851.651910 1211.55 957.649
1528451851.660243 1238.81 971.707
1528451851.668650 1268.07 986.525
1528451851.676915 1296.47 1002.02
1528451851.685394 1323.55 1018.1
1528451851.693697 1351.83 1034.79
1528451851.702065 1378.03 1051.95
1528451851.710286 1402.51 1069.48
1528451851.718531 1428.37 1087.42
1528451851.726833 1453.93 1105.75
1528451851.735093 1476.39 1124.28
1528451851.743609 1499.29 1143.03
1528451851.751822 1522.06 1161.98
1528451851.760210 1544.22 1181.09
1528451851.768534 1562.81 1200.18
1528451851.776961 1581.53 1219.25
1528451851.785227 1596.64 1238.12
1528451851.793523 1610.4 1256.73
1528451851.801858 1625.74 1275.18
1528451851.810220 1636.48 1293.25
1528451851.818631 1648.53 1311.01
1528451851.827012 1657.43 1328.33
1528451851.835337 1665.38 1345.18
1528451851.843517 1669.12 1361.38
1528451851.851896 1673.57 1376.99
1528451851.860295 1678.44 1392.06
1528451851.868524 1678.76 1406.4
1528451851.876824 1681.98 1420.18
1528451851.885148 1675.17 1432.93
1528451851.893506 1670.42 1444.8
1528451851.901698 1663.56 1455.74
1528451851.909937 1657.36 1465.82
1528451851.918291 1649.53 1475
1528451851.926658 1640.08 1483.26
1528451851.934912 1624.93 1490.34
1528451851.943065 1610.86 1496.37
1528451851.951477 1596.64 1501.38
1528451851.959623 1580.43 1505.33
1528451851.968084 1563.22 1508.23
1528451851.976360 1543.77 1510.01
1528451851.984754 1524.53 1510.73
1528451851.993051 1504.59 1510.42
1528451852.001431 1482.67 1509.04
1528451852.009772 1459.9 1506.58
1528451852.017927 1432.08 1502.86
1528451852.026294 1407.58 1498.09
1528451852.034676 1382.68 1492.32
1528451852.043022 1356.13 1485.51
1528451852.051429 1329.17 1477.69
1528451852.059669 1298.38 1468.73
1528451852.067838 1269.3 1458.76
1528451852.076254 1242.96 1447.97
1528451852.084588 1217.33 1436.44
1528451852.092869 1187.19 1423.97
1528451852.101159 1157.32 1410.64
1528451852.109515 1130.46 1396.63
1528451852.117735 1102.18 1381.91
1528451852.126032 1076.06 1366.62
1528451852.134404 1051.29 1350.85
1528451852.142706 1024.32 1334.52
1528451852.151114 1001.15 1317.85
1528451852.159348 976.05 1300.76
1528451852.167575 955.6 1283.51
1528451852.175586 934.74 1266.07
1528451852.183826 913.11 1248.42
1528451852.192076 892.57 1230.63
1528451852.200202 877.13 1212.95
1528451852.208489 862.32 1195.42
1528451852.216760 844.46 1177.87
1528451852.225043 831.43 1160.55
1528451852.233171 820.74 1143.56
1528451852.241383 807.99 1126.78
1528451852.249594 802.13 1110.55
1528451852.257954 794.96 1094.77
1528451852.266109 789.53 1079.51
1528451852.274238 785.93 1064.83
1528451852.282526 785 1050.84
1528451852.290693 785.55 1037.57
1528451852.298886 782.63 1024.83
1528451852.307022 786.96 1012.93
1528451852.315215 790.5 1001.81
1528451852.323542 796.06 991.523
1528451852.331628 800.42 981.968
1528451852.339885 806.57 973.198
1528451852.348026 816.51 965.364
1528451852.356227 823.98 958.295
1528451852.364568 831.93 951.977
1528451852.372873 844.14 946.585
1528451852.380993 855.22 942.016
1528451852.389255 863.38 938.085
1528451852.397423 874.34 934.897
1528451852.405641 887.74 932.54
1528451852.413946 902.02 931.014
1528451852.422133 914.64 930.195
1528451852.430315 925.15 929.943
1528451852.438582 936.69 930.28
1528451852.446757 949.69 931.251
1528451852.455029 965.59 932.967
1528451852.463311 977.46 935.192
1528451852.471411 990.09 937.937
1528451852.479825 1000.68 941.074
1528451852.488115 1011.44 944.592
1528451852.496479 1026.54 948.69
1528451852.504786 1040.07 953.259
1528451852.513122 1050.07 958.099
1528451852.521369 1061.42 963.265
1528451852.529897 1070.69 968.637
1528451852.538130 1084.05 974.407
1528451852.546546 1094.46 980.41
1528451852.554734 1104.67 986.623
1528451852.562946 1114.44 993.014
1528451852.571341 1122.68 999.497
1528451852.579537 1133.04 1006.17
1528451852.587963 1141.42 1012.94
1528451852.596247 1148.52 1019.72
1528451852.604713 1159.25 1026.69
1528451852.612912 1166.65 1033.69
1528451852.621258 1173.38 1040.67
1528451852.629490 1179.32 1047.61
1528451852.637699 1185.12 1054.48
1528451852.646113 1193.18 1061.42
1528451852.654590 1197.06 1068.2
1528451852.662854 1203.7 1074.97
1528451852.671098 1206.66 1081.56
1528451852.679425 1211.67 1088.06
1528451852.687809 1215.71 1094.45
1528451852.696127 1217.73 1100.61
1528451852.704410 1221.4 1106.65
1528451852.712771 1222.47 1112.44
1528451852.721104 1226.05 1118.12
1528451852.729269 1224.96 1123.46
1528451852.737687 1228.45 1128.71
1528451852.746032 1228.65 1133.71
1528451852.754285 1228.68 1138.46
1528451852.762578 1231.34 1143.1
1528451852.770933 1228.6 1147.38
1528451852.779348 1226.82 1151.35
1528451852.787689 1229.24 1155.24
1528451852.795904 1226.54 1158.81
1528451852.804274 1223.58 1162.05
1528451852.812639 1220.39 1164.96
1528451852.820940 1216.41 1167.54
1528451852.829242 1212.37 1169.78
1528451852.837624 1209.35 1171.76
1528451852.845831 1206.55 1173.5
1528451852.854108 1199.14 1174.78
1528451852.862272 1193.93 1175.74
1528451852.870706 1186.98 1176.3
1528451852.879057 1183.05 1176.64
1528451852.887295 1178.54 1176.73
1528451852.895707 1171.35 1176.46
1528451852.903863 1162.29 1175.75
1528451852.912152 1154.55 1174.69
1528451852.920544 1148.89 1173.4
1528451852.928678 1139.25 1171.7
1528451852.937077 1129.88 1169.6
1528451852.945182 1122.8 1167.26
1528451852.953549 1112.41 1164.52
1528451852.961797 1100.15 1161.3
1528451852.970169 1092.24 1157.85
1528451852.978601 1081.61 1154.04
1528451852.986813 1070.81 1149.88
1528451852.995057 1058.89 1145.33
1528451853.003313 1048.19 1140.47
1528451853.011732 1034.12 1135.15
1528451853.020154 1020.53 1129.42
1528451853.028448 1012.2 1123.56
1528451853.036638 998.33 1117.3
1528451853.044914 986.9 1110.78
1528451853.053153 972.44 1103.86
1528451853.061267 959.48 1096.64
1528451853.069457 946.81 1089.15
1528451853.077559 934.71 1081.43
1528451853.085883 923.3 1073.52
1528451853.093999 908.8 1065.29
1528451853.102288 894.1 1056.73
1528451853.110713 882.39 1048.01
1528451853.118835 869.42 1039.08
1528451853.127113 856.25 1029.94
1528451853.135279 843.58 1020.62
1528451853.143426 832.24 1011.2
1528451853.151791 819.96 1001.64
1528451853.159827 808.02 991.959
1528451853.168146 798.55 982.289
1528451853.176355 787.34 972.541
1528451853.184707 779.05 962.867
1528451853.192765 769.68 953.208
1528451853.200966 763.71 943.733
1528451853.209176 754.3 934.261
1528451853.217307 750.23 925.059
1528451853.225558 746.14 916.113
1528451853.233906 744.75 907.545
1528451853.242212 742.67 899.302
1528451853.250519 743.18 891.495
1528451853.258672 745.84 884.213
1528451853.266888 749 877.452
1528451853.275209 751.75 871.167
1528451853.283403 759.43 865.58
1528451853.291572 767.82 860.692
1528451853.299894 779.35 856.625
1528451853.308087 790.86 853.337
1528451853.316381 802.44 850.792
1528451853.324663 818.46 849.175
1528451853.332840 833.52 848.393
1528451853.341138 851.14 848.53
1528451853.349406 869.69 849.588
1528451853.357702 891.92 851.705
1528451853.365859 913.36 854.787
1528451853.374207 934.53 858.774
1528451853.382304 958.36 863.754
1528451853.390400 984.24 869.778
1528451853.398655 1009.02 876.74
1528451853.407023 1035.2 884.663
1528451853.415385 1061.38 893.499
1528451853.423728 1086.54 903.151
1528451853.431967 1114.82 913.734
1528451853.440223 1142.33 925.164
1528451853.448585 1171.84 937.498
1528451853.456996 1198.31 950.539
1528451853.465242 1225.32 964.278
1528451853.473645 1255.27 978.827
1528451853.482004 1282.11 993.991
1528451853.490326 1311.27 1009.86
1528451853.498730 1336.09 1026.17
1528451853.506995 1365.64 1043.14
1528451853.515359 1393.13 1060.64
1528451853.523634 1417.43 1078.48
1528451853.532032 1445.93 1096.85
1528451853.540464 1468.68 1115.44
1528451853.548819 1491.6 1134.25
1528451853.557004 1513.56 1153.22
1528451853.565395 1535.21 1172.32
1528451853.573560 1557.44 1191.57
1528451853.581938 1574.71 1210.73
1528451853.590042 1591.94 1229.79
1528451853.598506 1606.31 1248.62
1528451853.606612 1620.2 1267.2
1528451853.614927 1634.02 1285.54
1528451853.623192 1645.05 1303.51
1528451853.631417 1656.16 1321.14
1528451853.639689 1663.27 1338.25
1528451853.648022 1668.82 1354.78
1528451853.656388 1673.67 1370.72
1528451853.664584 1676.86 1386.03
1528451853.673002 1681.12 1400.79
1528451853.681331 1681.25 1414.81
1528451853.689702 1676.91 1427.91
1528451853.698004 1670.27 1440.03
1528451853.706235 1666.53 1451.36
1528451853.714585 1659.6 1461.77
1528451853.722945 1651.87 1471.27
1528451853.731245 1641.64 1479.79
1528451853.739635 1629.73 1487.29
1528451853.748005 1614.85 1493.67
1528451853.756213 1598.61 1498.91
1528451853.764601 1582.41 1503.09
1528451853.772966 1567.93 1506.33
1528451853.781279 1549.05 1508.47
1528451853.789498 1527.24 1509.41
1528451853.797862 1506.3 1509.25
1528451853.806228 1485.38 1508.06
1528451853.814491 1464.86 1505.9
1528451853.822813 1437.7 1502.49
1528451853.831023 1414.08 1498.07
1528451853.839362 1385.55 1492.44
1528451853.847526 1361.48 1485.89
1528451853.855832 1335.7 1478.38
1528451853.864147 1306.21 1469.77
1528451853.872436 1277.75 1460.17
1528451853.880787 1250.78 1449.7
1528451853.889055 1222.89 1438.36
1528451853.897516 1196.51 1426.27
1528451853.905899 1168.02 1413.36
1528451853.914204 1138.12 1399.6
1528451853.922546 1106.82 1384.96
1528451853.930893 1080.96 1369.76
1528451853.939300 1057.17 1354.13
1528451853.947546 1033.65 1338.1
1528451853.955898 1007.83 1321.59
1528451853.964170 983.02 1304.66
1528451853.972475 962.18 1287.54
1528451853.980556 940.73 1270.2
1528451853.988732 920.3 1252.7
1528451853.997070 901.28 1235.13
1528451854.005338 881.47 1217.45
1528451854.013510 864.29 1199.79
1528451854.021828 849.86 1182.29
1528451854.030021 837.43 1165.05
1528451854.038261 823.97 1148
1528451854.046560 812.7 1131.23
1528451854.054783 804.72 1114.91
1528451854.062670 795.96 1098.96
1528451854.071013 789.92 1083.51
1528451854.079285 786.88 1068.68
1528451854.087484 787.05 1054.59
1528451854.095682 784.94 1041.11
1528451854.103894 783.3 1028.22
1528451854.112155 784.76 1016.05
1528451854.120436 788.02 1004.65
1528451854.128684 792.72 994.05
1528451854.136923 798.61 984.278
1528451854.145103 804.64 975.296
1528451854.153421 812.31 967.147
1528451854.161644 819.92 959.786
1528451854.169971 830.96 953.344
1528451854.178165 841.3 947.742
1528451854.186335 851.17 942.914
1528451854.194531 860.88 938.812
1528451854.202899 873 935.521
1528451854.211108 885.33 933.012
1528451854.219321 897.84 931.253
1528451854.227587 911.2 930.25
1528451854.235784 922.21 929.848
1528451854.243968 935.95 930.154
1528451854.252249 949.88 931.14
1528451854.260517 965.46 932.856
1528451854.268743 975.87 935.007
1528451854.276908 990.84 937.798
1528451854.285303 1002.76 941.046
1528451854.293662 1013.39 944.663
1528451854.301860 1028.36 948.848
1528451854.310238 1037.41 953.276
1528451854.318541 1050.62 958.144
1528451854.326911 1061.24 963.298
1528451854.335351 1072.29 968.748
1528451854.343758 1085.6 974.591
1528451854.351978 1092.93 980.508
1528451854.360361 1105.48 986.756
1528451854.368703 1116.42 993.239
1528451854.376848 1124.56 999.805
1528451854.385264 1134.78 1006.55
1528451854.393456 1142.16 1013.33
1528451854.401807 1150.52 1020.19
1528451854.410033 1159.49 1027.16
1528451854.418416 1166.16 1034.11
1528451854.426708 1175.8 1041.19
1528451854.435104 1182.79 1048.27
1528451854.443502 1187.27 1055.22
1528451854.451812 1191.47 1062.04
1528451854.460165 1197.84 1068.83
1528451854.468502 1201.71 1075.47
1528451854.476700 1208.12 1082.1
1528451854.485131 1211.45 1088.57
1528451854.493262 1216.5 1094.97
1528451854.501619 1217.48 1101.09
1528451854.509886 1221.44 1107.11
1528451854.518371 1224.3 1112.97
1528451854.526658 1226.36 1118.64
1528451854.534996 1226.67 1124.04
1528451854.543264 1231.32 1129.4
1528451854.551486 1227.95 1134.33
1528451854.559826 1228.66 1139.05
1528451854.568238 1230.73 1143.63
1528451854.576602 1228.91 1147.9
1528451854.584984 1228.52 1151.93
1528451854.593225 1225.62 1155.61
1528451854.601585 1225.23 1159.09
1528451854.610011 1222.59 1162.27
1528451854.618221 1220.45 1165.18
1528451854.626522 1215.86 1167.71
1528451854.634808 1213.63 1170.01
1528451854.643047 1208.41 1171.93
1528451854.651386 1204.13 1173.54
1528451854.659740 1200.17 1174.87
1528451854.668049 1195.54 1175.9
1528451854.676365 1190.46 1176.63
1528451854.684694 1184.33 1177.02
1528451854.693105 1176.31 1176.98
1528451854.701320 1170.22 1176.64
1528451854.709606 1163.35 1175.98
1528451854.718051 1158.37 1175.1
1528451854.726477 1148.64 1173.77
1528451854.734731 1139.61 1172.07
1528451854.743150 1130.88 1170.01
1528451854.751429 1122.71 1167.64
1528451854.759759 1113.2 1164.92
1528451854.768144 1104.61 1161.9
1528451854.776511 1093.55 1158.49
1528451854.784812 1083.46 1154.74
1528451854.793162 1071.51 1150.57
1528451854.801588 1059.76 1146.03
1528451854.809763 1049.14 1141.19
1528451854.818117 1036.12 1135.94
1528451854.826493 1023.62 1130.32
1528451854.834873 1010.99 1124.35
1528451854.843143 998 1118.04
1528451854.851231 986.48 1111.46
1528451854.859518 973.35 1104.55
1528451854.867681 960.6 1097.35
1528451854.876030 948.65 1089.92
1528451854.884074 936.85 1082.27
1528451854.892179 921.07 1074.21
1528451854.900337 909.94 1065.99
1528451854.908435 896.98 1057.54
1528451854.916502 882.13 1048.77
1528451854.924793 871.61 1039.91
1528451854.933026 857.51 1030.79
1528451854.941168 844.05 1021.46
1528451854.949298 833.35 1012.05
1528451854.957517 822.5 1002.57
1528451854.965860 810.51 992.97
1528451854.974152 798.45 983.244
1528451854.982453 787.77 973.47
1528451854.990524 778.44 963.719
1528451854.998821 771.76 954.121
1528451855.007027 763.67 944.598
1528451855.015234 755.8 935.158
1528451855.023570 752.15 926.008
1528451855.031916 747.59 917.087
1528451855.039830 743.17 908.391
1528451855.048114 743.9 900.167
1528451855.056354 744.29 892.373
1528451855.064690 745.49 885.029
1528451855.072980 748.24 878.189
1528451855.081193 753.67 871.963
1528451855.089382 761.85 866.458
1528451855.097675 768.65 861.567
1528451855.105993 778.66 857.422
1528451855.114115 791.27 854.114
1528451855.122341 805.94 851.706
1528451855.130538 819.49 850.095
1528451855.138548 833.08 849.244
1528451855.146867 853.61 849.462
1528451855.155100 871.45 850.562
1528451855.163452 893.72 852.72
1528451855.171648 915.76 855.872
1528451855.179867 937.1 859.933
1528451855.188158 958.81 864.877
1528451855.196504 985.66 870.916
1528451855.204731 1012.67 878.004
1528451855.212992 1038.95 886.051
1528451855.221291 1066.54 895.076
1528451855.229660 1093.16 904.98
1528451855.237838 1119.01 915.681
1528451855.246153 1145.61 927.178
1528451855.254458 1173.21 939.479
1528451855.262728 1201.06 952.558
1528451855.271104 1228.38 966.349
1528451855.279305 1258.38 980.951
1528451855.287599 1284.88 996.147
1528451855.295947 1314.41 1012.06
1528451855.304215 1341.66 1028.54
1528451855.312399 1370.62 1045.64
1528451855.320835 1394.21 1063.07
1528451855.329171 1420.46 1080.94
1528451855.337337 1447.27 1099.26
1528451855.345711 1470.57 1117.82
1528451855.353995 1495.03 1136.68
1528451855.362372 1514.58 1155.58
1528451855.370768 1535.51 1174.58
1528451855.379045 1554.82 1193.59
1528451855.387269 1575.83 1212.7
1528451855.395662 1593.93 1231.76
1528451855.403873 1608.57 1250.6
1528451855.412061 1622.96 1269.22
1528451855.420422 1632.21 1287.37
1528451855.428653 1643.93 1305.2
1528451855.437028 1656.22 1322.75
1528451855.445268 1664.85 1339.85
1528451855.453619 1670.39 1356.38
1528451855.461871 1672.48 1372.19
1528451855.470347 1677.03 1387.43
1528451855.478527 1679.31 1402.02
1528451855.486799 1680.9 1415.97
1528451855.495158 1679.37 1429.14
1528451855.503527 1674.5 1441.4
1528451855.511781 1667.91 1452.73
1528451855.520138 1658.89 1463.04
1528451855.528559 1652.48 1472.51
1528451855.536842 1642.03 1480.99
1528451855.545162 1630.21 1488.45
1528451855.553498 1613.76 1494.71
1528451855.561825 1600.11 1499.98
1528451855.570267 1582.96 1504.13
1528451855.578584 1564.8 1507.16
1528451855.586764 1545.25 1509.07
1528451855.595138 1527.9 1510.01
1528451855.603568 1503.92 1509.71
1528451855.611703 1485.07 1508.47
1528451855.620025 1463.74 1506.24
1528451855.628410 1437.66 1502.81
1528451855.636709 1410.64 1498.2
1528451855.644970 1384.35 1492.51
1528451855.653407 1357.42 1485.75
1528451855.661629 1332.56 1478.09
1528451855.670047 1303.12 1469.34
1528451855.678404 1272.15 1459.49
1528451855.686559 1241.13 1448.57
1528451855.694967 1214.31 1436.85
1528451855.703167 1187.11 1424.37
1528451855.711538 1159.2 1411.11
1528451855.719675 1129.86 1397.05
1528451855.728122 1103.59 1382.37
1528451855.736425 1076.56 1367.08
1528451855.744732 1049.12 1351.18
1528451855.753031 1024.21 1334.84
1528451855.761218 996.54 1317.92
1528451855.769547 974.76 1300.76
1528451855.777718 952.99 1283.37
1528451855.785902 932.32 1265.82
1528451855.794271 914.88 1248.27
1528451855.802585 894.08 1230.57
1528451855.810738 875.47 1212.81
1528451855.819042 860.29 1195.18
1528451855.827215 845.92 1177.72
1528451855.835423 832.11 1160.44
1528451855.843557 820.94 1143.47
1528451855.851942 811.54 1126.87
1528451855.860110 801.83 1110.62
1528451855.868441 794.62 1094.82
1528451855.876502 790.46 1079.6
1528451855.884674 787.13 1064.98
1528451855.892889 784.55 1050.95
1528451855.901002 783.55 1037.58
1528451855.909077 783.08 1024.86
1528451855.917242 783.7 1012.8
1528451855.925575 787.85 1001.55
1528451855.933702 794.61 991.207
1528451855.941962 801.4 981.716
1528451855.950167 805.73 972.917
1528451855.958528 814.6 965.001
1528451855.966750 822.88 957.895
1528451855.974893 833 951.65
1528451855.983238 842.83 946.209
1528451855.991370 853 941.549
1528451855.999611 865.18 937.73
1528451856.007788 874.49 934.568
1528451856.016159 889.09 932.294
1528451856.024400 899.82 930.671
1528451856.032577 913.78 929.826
1528451856.040919 924.82 929.576
1528451856.049251 937.66 929.98
1528451856.057441 951.42 931.052
1528451856.065681 966.1 932.804
1528451856.073924 977.37 935.033
1528451856.082346 990.83 937.823
1528451856.090495 1003.7 941.116
1528451856.098795 1015.77 944.849
1528451856.107010 1028.02 949.008
1528451856.115417 1038.86 953.5
1528451856.123789 1049.62 958.306
1528451856.132124 1062.29 963.505
1528451856.140523 1073.33 968.997
1528451856.148808 1084.27 974.76
1528451856.157216 1094.75 980.76
1528451856.165419 1105.63 987.003
1528451856.173659 1114.19 993.363
1528451856.181891 1125.48 999.969
1528451856.190245 1134.41 1006.69
1528451856.198602 1143.42 1013.53
1528451856.206962 1150.05 1020.35
1528451856.215316 1161.55 1027.41
1528451856.223617 1167.62 1034.42
1528451856.232059 1173.65 1041.38
1528451856.240432 1181.34 1048.38
1528451856.248692 1186.74 1055.3
1528451856.257034 1194.6 1062.27
1528451856.265140 1198.59 1069.08
1528451856.273491 1203.73 1075.81
1528451856.281786 1208.7 1082.46
1528451856.290251 1211.62 1088.92
1528451856.298419 1215.97 1095.27
1528451856.306760 1217.84 1101.4
1528451856.314932 1220.51 1107.35
1528451856.323354 1223.82 1113.18
1528451856.331576 1225.48 1118.79
1528451856.339948 1227.95 1124.25
1528451856.348279 1229.09 1129.49
1528451856.356600 1229.6 1134.5
1528451856.364961 1228.21 1139.18
1528451856.373231 1230.44 1143.75
1528451856.381600 1228.07 1147.96
1528451856.389881 1226.4 1151.88
1528451856.398222 1226.87 1155.63
1528451856.406542 1225.1 1159.11
1528451856.414656 1220.43 1162.17
1528451856.423111 1219.98 1165.06
1528451856.431410 1213.65 1167.49
1528451856.439576 1210.33 1169.63
1528451856.447931 1208.27 1171.57
1528451856.456326 1202.92 1173.13
1528451856.464709 1198.04 1174.38
1528451856.472969 1191.22 1175.22
1528451856.481261 1184.75 1175.7
1528451856.489508 1179.47 1175.89
1528451856.497826 1174.32 1175.81
1528451856.506240 1167.41 1175.39
1528451856.514550 1158.94 1174.57
1528451856.522921 1151.4 1173.41
1528451856.531279 1143.15 1171.89
1528451856.539463 1135.8 1170.09
1528451856.547901 1128.28 1168
1528451856.556216 1116.45 1165.42
1528451856.564515 1108.75 1162.59
1528451856.573041 1096.71 1159.29
1528451856.581195 1086.17 1155.64
1528451856.589514 1075.67 1151.64
1528451856.597711 1063.8 1147.25
1528451856.606063 1050.27 1142.4
1528451856.614368 1041.82 1137.37
1528451856.622536 1028.97 1131.95
1528451856.630842 1016.45 1126.17
1528451856.639241 1002.37 1119.98
1528451856.647388 986.84 1113.33
1528451856.655705 978.35 1106.58
1528451856.663882 965.72 1099.54
1528451856.671970 952.95 1092.21
1528451856.680175 938.92 1084.54
1528451856.688513 924.47 1076.54
1528451856.696753 911.34 1068.28
1528451856.705151 898.54 1059.79
1528451856.713261 885.67 1051.09
1528451856.721560 874.44 1042.25
1528451856.729806 859.43 1033.11
1528451856.737881 845.62 1023.74
1528451856.746174 833.09 1014.21
1528451856.754440 824.21 1004.71
1528451856.762640 814.78 995.209
1528451856.770744 803.12 985.605
1528451856.779104 790.12 975.83
1528451856.787355 780.36 966.057
1528451856.795549 770.86 956.297
1528451856.803789 766.2 946.792
1528451856.812029 758.71 937.388
1528451856.820314 751.43 928.09
1528451856.828580 748.57 919.114
1528451856.836903 745.41 910.429
1528451856.844962 744.37 902.126
1528451856.853278 743.96 894.218
1528451856.861605 745.97 886.805
1528451856.869734 747.26 879.828
1528451856.878005 752.99 873.486
1528451856.886122 757.26 867.675
1528451856.894404 764.77 862.53
1528451856.902651 773.21 858.064
1528451856.910660 786.36 854.478
1528451856.918956 798.99 851.704
1528451856.926976 812.89 849.763
1528451856.935172 830.68 848.809
1528451856.943303 846.4 848.689
1528451856.951667 866.26 849.567
1528451856.959830 886.78 851.428
1528451856.968102 908.22 854.267
1528451856.976400 928.64 857.986
1528451856.984787 951.54 862.664
1528451856.992998 977.48 868.405
1528451857.001221 1001.84 875.076
1528451857.009569 1031.51 882.898
1528451857.017931 1059.99 891.753
1528451857.026305 1086.88 901.509
1528451857.034535 1116.23 912.245
1528451857.042980 1141.98 923.732
1528451857.051225 1169.13 936.002
1528451857.059581 1196.83 949.043
1528451857.067885 1225.83 962.882
1528451857.076153 1252.73 977.375
1528451857.084451 1279.69 992.491
1528451857.092798 1311.14 1008.42
1528451857.101115 1341.21 1025.06
1528451857.109566 1368.88 1042.25
1528451857.117729 1395.48 1059.91
1528451857.125872 1420.53 1077.95
1528451857.134211 1446.16 1096.36
1528451857.142606 1470.85 1115.08
1528451857.150961 1495.59 1134.11
1528451857.159288 1516.45 1153.22
1528451857.167525 1539.26 1172.53
1528451857.175792 1558.69 1191.83
1528451857.184210 1578.16 1211.15
1528451857.192521 1594.86 1230.34
1528451857.200823 1610.57 1249.35
1528451857.209222 1625.06 1268.13
1528451857.217434 1635.72 1286.51
1528451857.225758 1646.26 1304.5
1528451857.234099 1656.44 1322.1
1528451857.242486 1664.82 1339.23
1528451857.250667 1673.36 1355.94
1528451857.259142 1675.62 1371.92
1528451857.267356 1677.73 1387.21
1528451857.275729 1678.82 1401.79
1528451857.284059 1678.98 1415.65
1528451857.292406 1679.8 1428.86
1528451857.300669 1673.09 1441.07
1528451857.309039 1665.59 1452.3
1528451857.317349 1657.38 1462.55
1528451857.325531 1648.56 1471.85
1528451857.333865 1640.43 1480.28
1528451857.342240 1628.61 1487.7
1528451857.350595 1612.45 1493.94
1528451857.358990 1595.32 1499
1528451857.367244 1579.11 1503.01
1528451857.375653 1560.86 1505.9
1528451857.383885 1541.25 1507.67
1528451857.392208 1525.28 1508.55
1528451857.400552 1502.59 1508.25
1528451857.408851 1480.05 1506.84
1528451857.417295 1456.24 1504.31
1528451857.425622 1431.68 1500.68
1528451857.433938 1405.68 1495.93
1528451857.442165 1378.1 1490.04
1528451857.450543 1353.82 1483.23
1528451857.458744 1325.42 1475.34
1528451857.466934 1298.43 1466.49
1528451857.475301 1270.77 1456.71
1528451857.483762 1239.03 1445.82
1528451857.491940 1211.39 1434.1
1528451857.500182 1183.59 1421.58
1528451857.508479 1158.14 1408.4
1528451857.516883 1129.31 1394.45
1528451857.525217 1101.27 1379.79
1528451857.533629 1073.63 1364.48
1528451857.541755 1048.52 1348.68
1528451857.550068 1022.98 1332.4
1528451857.558317 998.93 1315.73
1528451857.566578 975.66 1298.72
1528451857.574906 953.48 1281.46
1528451857.583154 934.63 1264.12
1528451857.591358 914.66 1246.65
1528451857.599714 893.09 1228.97
1528451857.607914 877.26 1211.38
1528451857.615982 862.71 1193.95
1528451857.624266 846 1176.55
1528451857.632327 833.84 1159.42
1528451857.640575 821.25 1142.51
1528451857.648864 811.38 1125.95
1528451857.657140 802.81 1109.79
1528451857.665438 794.32 1094.02
1528451857.673577 790.88 1078.86
1528451857.681684 786.4 1064.24
1528451857.689877 784.81 1050.27
1528451857.698041 784.12 1036.96
1528451857.706194 785.15 1024.37
1528451857.714333 788.24 1012.56
1528451857.722516 792.42 1001.56
1528451857.730781 797.34 991.346
1528451857.739046 801.94 981.876
1528451857.747349 807.77 973.17
1528451857.755634 817.97 965.41
1528451857.763775 825.99 958.439
1528451857.772230 835.7 952.302
1528451857.780264 846.62 947.018
1528451857.788545 855.79 942.457
1528451857.796827 868.48 938.758
1528451857.804969 880.02 935.821
1528451857.813216 896.03 933.832
1528451857.821377 904.49 932.364
1528451857.829566 918.31 931.662
1528451857.837865 932.48 931.703
1528451857.846100 944.45 932.34
1528451857.854228 957.44 933.595
1528451857.862276 970.79 935.455
1528451857.870489 982.63 937.814
1528451857.878624 995.48 940.697
1528451857.886944 1009.28 944.126
1528451857.895342 1019.87 947.913
1528451857.903645 1034.98 952.267
1528451857.912075 1044.35 956.871
1528451857.920345 1057.11 961.883
1528451857.928696 1068.79 967.228
1528451857.937016 1079.23 972.828
1528451857.945327 1090.89 978.731
1528451857.953630 1099.78 984.784
1528451857.962099 1109.68 991.029
1528451857.970259 1120.3 997.492
1528451857.978604 1130.22 1004.13
1528451857.986913 1139.11 1010.88
1528451857.995254 1148.7 1017.77
1528451858.003512 1155.85 1024.67
1528451858.011862 1163.83 1031.63
1528451858.020227 1170.05 1038.55
1528451858.028601 1176.99 1045.47
1528451858.036694 1184.17 1052.41
1528451858.045024 1189.87 1059.28
1528451858.053326 1196.11 1066.12
1528451858.061628 1199.89 1072.81
1528451858.070060 1206.24 1079.48
1528451858.078282 1211.15 1086.07
1528451858.086532 1213.92 1092.46
1528451858.094936 1216.4 1098.66
1528451858.103308 1221.72 1104.81
1528451858.111516 1220.89 1110.61
1528451858.119812 1223.85 1116.27
1528451858.128033 1226.17 1121.77
1528451858.136713 1227.54 1127.06
1528451858.144624 1228.16 1132.11
1528451858.152837 1228.95 1136.96
1528451858.161006 1230.18 1141.62
1528451858.169334 1228.91 1145.98
1528451858.177757 1228.78 1150.12
1528451858.186198 1227.33 1153.98
1528451858.194457 1224.85 1157.52
1528451858.202723 1223.88 1160.84
1528451858.211065 1219.72 1163.79
1528451858.219309 1215.84 1166.39
1528451858.227675 1214.99 1168.82
1528451858.236000 1212.51 1171
1528451858.244341 1206.08 1172.76
1528451858.252839 1201.91 1174.22
1528451858.261063 1197.37 1175.37
1528451858.269470 1192.48 1176.23
1528451858.277737 1186.02 1176.72
1528451858.286217 1180.59 1176.91
1528451858.294321 1171.5 1176.64
1528451858.302628 1164.55 1176.04
1528451858.311022 1158.36 1175.15
1528451858.319265 1152.35 1174.01
1528451858.327567 1142.84 1172.45
1528451858.335847 1133.07 1170.48
1528451858.344276 1123.28 1168.12
1528451858.352566 1114.28 1165.43
1528451858.360967 1105.71 1162.45
1528451858.369263 1095.95 1159.12
1528451858.377672 1085.1 1155.42
1528451858.385809 1072.43 1151.27
1528451858.394185 1062.51 1146.83
1528451858.402369 1049.95 1141.99
1528451858.410707 1039.98 1136.89
1528451858.419167 1027.19 1131.4
1528451858.427492 1013.5 1125.51
1528451858.435646 998.54 1119.16
1528451858.443974 984.66 1112.43
1528451858.452226 972.84 1105.45
1528451858.460478 961.81 1098.27
1528451858.468820 948.05 1090.76
1528451858.476957 933.1 1082.88
1528451858.485147 919.43 1074.71
1528451858.493388 906.1 1066.28
1528451858.501701 894.48 1057.69
1528451858.509970 882.24 1048.91
1528451858.518232 867.37 1039.84
1528451858.526382 855.58 1030.62
1528451858.534572 841.03 1021.14
1528451858.542701 830.28 1011.6
1528451858.550989 819.68 1002
1528451858.559199 807.44 992.276
1528451858.567434 798.57 982.591
1528451858.575534 786.52 972.788
1528451858.583677 775.94 962.945
1528451858.591900 768.55 953.225
1528451858.600194 764.11 943.77
1528451858.608313 755.64 934.363
1528451858.616428 752.64 925.277
1528451858.624685 747.34 916.38
1528451858.633029 742.93 907.708
1528451858.641235 743.6 899.502
1528451858.649407 743.29 891.692
1528451858.657692 746.61 884.438
1528451858.666012 748.28 877.63
1528451858.674174 756.79 871.588
1528451858.682372 761.68 866.092
1528451858.690674 771.03 861.339
1528451858.698869 780.37 857.291
1528451858.706984 791.2 853.986
1528451858.715318 806.72 851.623
1528451858.723539 821.88 850.136
1528451858.731708 839.48 849.603
1528451858.739916 857.28 849.987
1528451858.748119 876.33 851.304
1528451858.756397 896.56 853.567
1528451858.764678 918.72 856.824
1528451858.772915 939.09 860.938
1528451858.781195 964.63 866.122
1528451858.789475 988.47 872.24
1528451858.797684 1015.24 879.39
1528451858.806067 1043.02 887.571
1528451858.814395 1073.41 896.863
1528451858.822703 1099.62 907.001
1528451858.830929 1127.09 918.005
1528451858.839188 1154.06 929.808
1528451858.847570 1182.85 942.46
1528451858.856064 1207.97 955.736
1528451858.864526 1237.22 969.81
1528451858.872570 1265.15 984.577
1528451858.880952 1293.39 1000.02
1528451858.889261 1322.94 1016.16
1528451858.897638 1351.64 1032.94
1528451858.905927 1377.5 1050.17
1528451858.914231 1407.25 1068.02
1528451858.922536 1429.82 1086.11
1528451858.930966 1455.01 1104.55
1528451858.939116 1479.74 1123.31
1528451858.947617 1500.7 1142.18
1528451858.955736 1522.64 1161.21
1528451858.964157 1541.74 1180.23
1528451858.972363 1561.71 1199.31
1528451858.980730 1582.9 1218.49
1528451858.988972 1599.7 1237.55
1528451858.997437 1616.45 1256.49
1528451859.005818 1627.56 1275.05
1528451859.014075 1638.91 1293.24
1528451859.022398 1649.76 1311.06
1528451859.030681 1660.32 1328.53
1528451859.039166 1668.55 1345.53
1528451859.047313 1674.72 1361.99
1528451859.055547 1677.99 1377.79
1528451859.063842 1678.94 1392.85
1528451859.072026 1679.58 1407.18
1528451859.080420 1680.7 1420.86
1528451859.088846 1677.44 1433.69
1528451859.097233 1672.8 1445.64
1528451859.105486 1665.58 1456.64
1528451859.113879 1655.24 1466.57
1528451859.122268 1645.81 1475.53
1528451859.130490 1636.23 1483.57
1528451859.138738 1623.45 1490.56
1528451859.146971 1607.68 1496.42
1528451859.155373 1591.57 1501.17
1528451859.163556 1573.66 1504.8
1528451859.171764 1554.07 1507.26
1528451859.180161 1537.05 1508.75
1528451859.188381 1515.7 1509.1
1528451859.196718 1493.74 1508.33
1528451859.204979 1470.02 1506.42
1528451859.213200 1447.85 1503.49
1528451859.221638 1419.68 1499.3
1528451859.229934 1396.76 1494.17
1528451859.238293 1370.23 1487.97
1528451859.246441 1342.64 1480.71
1528451859.254666 1314.93 1472.42
1528451859.262957 1286.47 1463.12
1528451859.271413 1256.91 1452.81
1528451859.279543 1227.01 1441.52
1528451859.288117 1198.43 1429.37
1528451859.296191 1173.31 1416.56
1528451859.304598 1147.69 1403.12
1528451859.312860 1117.7 1388.85
1528451859.321038 1086.43 1373.73
1528451859.329420 1061.32 1358.11
1528451859.337517 1034.71 1341.94
1528451859.345902 1012.29 1325.45
1528451859.354113 988.26 1308.59
1528451859.362364 963.39 1291.33
1528451859.370621 944.89 1274.01
1528451859.378642 923.34 1256.48
1528451859.386678 902.62 1238.79
1528451859.394887 885.69 1221.13
1528451859.403234 868.86 1203.52
1528451859.411873 853.46 1186.01
1528451859.419629 840.91 1168.76
1528451859.427827 826.67 1151.65
1528451859.436054 816.98 1134.92
1528451859.444391 806.26 1118.49
1528451859.452578 799.18 1102.52
1528451859.460755 792.62 1087.03
1528451859.468965 788.7 1072.11
1528451859.477236 783.35 1057.67
1528451859.485542 782.37 1043.91
1528451859.493661 783.63 1030.89
1528451859.501897 786.37 1018.67
1528451859.510155 791.31 1007.3
1528451859.518448 792.08 996.539
1528451859.526625 797.64 986.594
1528451859.534856 805.2 977.524
1528451859.543107 812.99 969.298
1528451859.551341 822.01 961.933
1528451859.559449 831.82 955.428
1528451859.567642 839.73 949.643
1528451859.575998 849.07 944.614
1528451859.584179 860.16 940.391
1528451859.592396 871.36 936.94
1528451859.600561 885.9 934.388
1528451859.608753 898.09 932.573
1528451859.617111 908.74 931.381
1528451859.625150 920.76 930.85
1528451859.633313 932.91 930.953
1528451859.641572 947.3 931.771
1528451859.649923 960.27 933.196
1528451859.658065 973.74 935.223
1528451859.666223 985.73 937.748
1528451859.674277 997.74 940.748
1528451859.682667 1011.01 944.261
1528451859.691056 1024.56 948.276
1528451859.699421 1036.68 952.696
1528451859.707758 1048.48 957.485
1528451859.716048 1058.09 962.515
1528451859.724405 1069.31 967.855
1528451859.732803 1082.23 973.574
1528451859.740934 1092.95 979.543
1528451859.749349 1101.57 985.644
1528451859.757675 1112.66 991.995
1528451859.766062 1122 998.495
1528451859.774188 1130.51 1005.1
1528451859.782553 1142.31 1011.96
1528451859.790799 1148.92 1018.8
1528451859.799097 1156.54 1025.69
1528451859.807393 1164.82 1032.65
1528451859.815626 1171.83 1039.61
1528451859.823984 1179.19 1046.59
1528451859.832381 1185.78 1053.55
1528451859.840742 1192.35 1060.49
1528451859.849133 1197.52 1067.34
1528451859.857369 1201.2 1074.03
1528451859.865634 1205.38 1080.6
1528451859.873979 1212.93 1087.21
1528451859.882348 1216.76 1093.69
1528451859.890553 1218.6 1099.94
1528451859.898886 1224.38 1106.16
1528451859.907127 1222.15 1111.96
1528451859.915628 1225.72 1117.65
1528451859.923793 1226.5 1123.09
1528451859.932202 1228.36 1128.35
1528451859.940597 1227.76 1133.32
1528451859.948922 1229.18 1138.12
1528451859.957235 1228.6 1142.64
1528451859.965578 1227.55 1146.89
1528451859.973875 1226.07 1150.85
1528451859.982194 1226.67 1154.64
1528451859.990358 1224.94 1158.15
1528451859.998681 1220.86 1161.29
1528451860.007026 1217.69 1164.11
1528451860.015442 1214.73 1166.64
1528451860.023592 1211.68 1168.89
1528451860.032052 1207.64 1170.83
1528451860.040350 1204 1172.49
1528451860.048684 1195.5 1173.64
1528451860.056900 1193.03 1174.61
1528451860.065042 1187.2 1175.24
1528451860.073502 1183.56 1175.65
1528451860.081716 1175.82 1175.66
1528451860.090072 1167.73 1175.26
1528451860.098316 1161.64 1174.58
1528451860.106517 1151.39 1173.42
1528451860.114738 1147.03 1172.1
1528451860.123163 1137.36 1170.37
1528451860.131349 1126.3 1168.16
1528451860.139658 1117.81 1165.65
1528451860.147953 1108.13 1162.77
1528451860.156338 1099.44 1159.6
1528451860.164691 1089.01 1156.07
1528451860.172944 1077.88 1152.16
1528451860.181271 1064.37 1147.77
1528451860.189686 1052.95 1143.03
1528451860.197967 1042.19 1137.99
1528451860.206323 1031.98 1132.69
1528451860.214551 1018.22 1126.97
1528451860.222755 1006.15 1120.93
1528451860.230978 991.64 1114.46
1528451860.239099 976.16 1107.55
1528451860.247395 966.72 1100.51
1528451860.255661 954.96 1093.23
1528451860.263845 941.19 1085.63
1528451860.272215 927.13 1077.7
1528451860.280424 911.58 1069.4
1528451860.288713 898.66 1060.86
1528451860.296716 888.81 1052.26
1528451860.305111 877.12 1043.5
1528451860.313367 862.76 1034.46
1528451860.321530 848.82 1025.18
1528451860.329809 835.66 1015.7
1528451860.338062 825.26 1006.18
1528451860.346363 814.97 996.621
1528451860.354505 803.11 986.946
1528451860.362854 793.49 977.273
1528451860.371151 782.21 967.52
1528451860.379404 772.2 957.754
1528451860.387433 766.11 948.172
1528451860.395642 757.21 938.624
1528451860.403802 755.9 929.487
1528451860.411975 749.48 920.487
1528451860.420332 746.08 911.767
1528451860.428469 742.85 903.321
1528451860.436695 743.47 895.328
1528451860.444955 745.82 887.853
1528451860.453213 748.6 880.89
1528451860.461459 751.26 874.409
1528451860.469610 757.11 868.544
1528451860.477789 767.32 863.483
1528451860.485972 776.77 859.147
1528451860.494236 784.48 855.414
1528451860.502495 797.42 852.514
1528451860.510809 813.08 850.542
1528451860.518979 829.24 849.477
1528451860.527242 845.85 849.296
1528451860.535485 866.83 850.173
1528451860.543624 884.1 851.869
1528451860.551818 906.64 854.607
1528451860.559958 930.05 858.38
1528451860.568168 953.36 863.129
1528451860.576395 976.87 868.816
1528451860.584846 1003.48 875.549
1528451860.593069 1029.97 883.27
1528451860.601240 1060.94 892.153
1528451860.609441 1089.23 902.007
1528451860.617904 1115.94 912.704
1528451860.626132 1143.9 924.264
1528451860.634410 1171.84 936.643
1528451860.642744 1198.26 949.723
1528451860.651045 1226.91 963.583
1528451860.659391 1256.2 978.214
1528451860.667678 1285.12 993.559
1528451860.676085 1312.34 1009.5
1528451860.684406 1340.47 1026.05
1528451860.692687 1369.75 1043.23
1528451860.700779 1393.51 1060.75
1528451860.708988 1419.33 1078.67
1528451860.717233 1445.28 1097.01
1528451860.725529 1471.55 1115.73
1528451860.733961 1494.55 1134.67
1528451860.742264 1516.01 1153.74
1528451860.750648 1536.46 1172.88
1528451860.759156 1555.77 1192.02
1528451860.767392 1573.55 1211.1
1528451860.775743 1592.5 1230.17
1528451860.783867 1608.72 1249.1
1528451860.792259 1625.7 1267.93
1528451860.800639 1635.6 1286.31
1528451860.808806 1646.22 1304.3
1528451860.817001 1656.33 1321.91
1528451860.825352 1665.57 1339.09
1528451860.833728 1671.13 1355.69
1528451860.842066 1676.97 1371.76
1528451860.850399 1679.9 1387.16
1528451860.858820 1678.73 1401.74
1528451860.867145 1678.24 1415.57
1528451860.875443 1678.87 1428.73
1528451860.883649 1674.94 1441.04
1528451860.891854 1669.81 1452.48
1528451860.900254 1661.57 1462.93
1528451860.908647 1651.48 1472.36
1528451860.916836 1640.75 1480.78
1528451860.925258 1628.37 1488.16
1528451860.933546 1616.58 1494.58
1528451860.941856 1598.38 1499.77
1528451860.950115 1581.76 1503.87
1528451860.958564 1561.85 1506.77
1528451860.966853 1544.65 1508.66
1528451860.975032 1523.9 1509.43
1528451860.983312 1503.42 1509.13
1528451860.991709 1479.02 1507.62
1528451861.000163 1457.43 1505.11
1528451861.008312 1429.28 1501.32
1528451861.016593 1403.57 1496.43
1528451861.024955 1380.44 1490.63
1528451861.033324 1356.38 1483.92
1528451861.041612 1328.12 1476.13
1528451861.049876 1298.71 1467.26
1528451861.058220 1269.68 1457.38
1528451861.066410 1242.05 1446.61
1528451861.074577 1213.76 1434.97
1528451861.083034 1185.99 1422.52
1528451861.091160 1156.78 1409.23
1528451861.099415 1130.91 1395.32
1528451861.107830 1104.19 1380.76
1528451861.116152 1075.08 1365.48
1528451861.124500 1048.65 1349.64
1528451861.132768 1021.97 1333.25
1528451861.140946 996.9 1316.44
1528451861.149195 974.23 1299.32
1528451861.157393 951.68 1281.94
1528451861.165748 929.41 1264.32
1528451861.173809 911.23 1246.66
1528451861.182026 891.62 1228.91
1528451861.190392 874.59 1211.19
1528451861.198432 858.82 1193.58
1528451861.206526 841.74 1175.98
1528451861.214823 831.55 1158.76
1528451861.223140 819.27 1141.79
1528451861.231331 807.23 1125.06
1528451861.239476 799.36 1108.77
1528451861.247641 795.84 1093.13
1528451861.255947 789.99 1077.97
1528451861.264193 786.95 1063.42
1528451861.272397 782.98 1049.4
1528451861.280728 783.8 1036.12
1528451861.288873 785.11 1023.57
1528451861.297025 788.55 1011.82
1528451861.305325 791.75 1000.81
1528451861.313566 798.9 990.718
1528451861.321664 804.07 981.385
1528451861.330037 811.58 972.895
1528451861.338190 820.81 965.291
1528451861.346248 828.74 958.463
1528451861.354634 839.25 952.502
1528451861.362862 848.79 947.317
1528451861.371092 858.64 942.883
1528451861.379191 872.26 939.352
1528451861.387300 883.9 936.579
1528451861.395509 897.98 934.649
1528451861.403653 909.03 933.368
1528451861.411849 922.05 932.802
1528451861.420027 932.15 932.77
1528451861.428226 947.55 933.509
1528451861.436460 960.9 934.878
1528451861.444730 972.36 936.752
1528451861.453329 984.4 939.135
1528451861.461201 997.39 942.048
1528451861.469544 1007.57 945.324
1528451861.477852 1024 949.258
1528451861.486220 1034.6 953.525
1528451861.494565 1047.86 958.241
1528451861.502889 1057.54 963.206
1528451861.511212 1069.91 968.542
1528451861.519542 1082.62 974.245
1528451861.527951 1092.65 980.166
1528451861.536091 1103.19 986.317
1528451861.544564 1112.28 992.615
1528451861.552854 1120.3 998.999
1528451861.560996 1130.04 1005.55
1528451861.569424 1139.05 1012.23
1528451861.577742 1148.69 1019.05
