1528452126.278416 1226.88 1210.11
1528452126.286664 1228.26 1211.02
1528452126.294973 1228.9 1211.92
1528452126.303363 1227.58 1212.7
1528452126.311670 1228.69 1213.5
1528452126.320047 1229.19 1214.28
1528452126.328473 1230.92 1215.11
1528452126.336637 1228.5 1215.78
1528452126.344999 1227.75 1216.38
1528452126.353281 1230.2 1217.07
1528452126.361621 1229.17 1217.68
1528452126.369936 1231.27 1218.36
1528452126.378224 1229.31 1218.91
1528452126.386566 1229.06 1219.41
1528452126.394960 1231.21 1220
1528452126.403182 1228.8 1220.44
1528452126.411536 1230.4 1220.94
1528452126.419755 1228.87 1221.34
1528452126.428094 1230.32 1221.79
1528452126.436459 1230.84 1222.24
1528452126.444723 1229.07 1222.58
1528452126.453067 1230.93 1223
1528452126.461319 1228.96 1223.3
1528452126.469643 1230.7 1223.67
1528452126.477924 1228.95 1223.93
1528452126.486323 1229.46 1224.21
1528452126.494681 1229.47 1224.47
1528452126.503015 1228.1 1224.65
1528452126.511302 1227.63 1224.8
1528452126.519600 1229.11 1225.02
1528452126.527965 1226.85 1225.11
1528452126.536389 1225.26 1225.12
1528452126.544830 1226.37 1225.18
1528452126.553024 1226.2 1225.23
1528452126.561419 1224.74 1225.2
1528452126.569680 1224.49 1225.17
1528452126.578015 1223.71 1225.1
1528452126.586355 1223.26 1225
1528452126.594806 1222.28 1224.87
1528452126.603077 1221.82 1224.72
1528452126.611360 1222.02 1224.58
1528452126.619681 1220.8 1224.39
1528452126.627938 1219.97 1224.17
1528452126.636298 1218.12 1223.87
1528452126.644724 1219.97 1223.67
1528452126.653048 1216.92 1223.34
1528452126.661456 1215.82 1222.96
1528452126.669692 1214.3 1222.53
1528452126.678160 1215.56 1222.18
1528452126.686352 1212.87 1221.71
1528452126.694702 1211.93 1221.22
1528452126.702931 1213.36 1220.83
1528452126.711284 1211.4 1220.36
1528452126.719555 1210.94 1219.89
1528452126.728028 1209.14 1219.35
1528452126.736398 1208.17 1218.79
1528452126.744735 1207.39 1218.22
1528452126.753027 1205.66 1217.59
1528452126.761430 1202.74 1216.85
1528452126.769443 1204.02 1216.21
1528452126.777745 1201.85 1215.49
1528452126.786114 1201 1214.77
1528452126.794612 1198.48 1213.95
1528452126.802855 1197.18 1213.11
1528452126.811208 1195.94 1212.26
1528452126.819514 1193.98 1211.34
1528452126.827864 1193.79 1210.46
1528452126.836129 1194.01 1209.64
1528452126.844378 1190.08 1208.66
1528452126.852730 1190.92 1207.78
1528452126.861110 1186.99 1206.74
1528452126.869483 1186.54 1205.73
1528452126.877805 1184.25 1204.65
1528452126.886207 1182.98 1203.57
1528452126.894496 1181.36 1202.46
1528452126.902912 1179.09 1201.29
1528452126.911198 1178.34 1200.14
1528452126.919433 1177.63 1199.02
1528452126.927784 1174.63 1197.8
1528452126.935988 1173.62 1196.59
1528452126.944305 1172.46 1195.38
1528452126.952651 1170.71 1194.15
1528452126.961049 1168.91 1192.89
1528452126.969242 1166.62 1191.57
1528452126.977667 1165.9 1190.29
1528452126.985868 1163.74 1188.96
1528452126.994195 1162.23 1187.63
1528452127.002429 1158.98 1186.19
1528452127.010699 1158.59 1184.81
1528452127.019044 1154.15 1183.28
1528452127.027288 1154.83 1181.86
1528452127.035666 1153.96 1180.46
1528452127.044048 1149.06 1178.89
1528452127.052264 1147.96 1177.35
1528452127.060690 1145.46 1175.75
1528452127.069213 1144.55 1174.19
1528452127.077294 1144.58 1172.71
1528452127.085560 1138.7 1171.01
1528452127.093767 1137.45 1169.33
1528452127.102134 1135.57 1167.64
1528452127.110343 1132.73 1165.9
1528452127.118663 1132.04 1164.21
1528452127.127059 1128.67 1162.43
1528452127.135377 1126.97 1160.66
1528452127.143786 1124.07 1158.83
1528452127.152027 1124.34 1157.1
1528452127.160247 1120.17 1155.26
1528452127.168645 1118.32 1153.41
1528452127.176954 1117.28 1151.6
1528452127.185302 1113.89 1149.72
1528452127.193693 1113.26 1147.89
1528452127.202032 1108.19 1145.91
1528452127.210289 1106.72 1143.95
1528452127.218520 1103.6 1141.93
1528452127.226766 1102.38 1139.95
1528452127.235123 1099.17 1137.92
1528452127.243557 1096.6 1135.85
1528452127.251868 1093.55 1133.73
1528452127.260193 1091.47 1131.62
1528452127.268576 1088.55 1129.47
1528452127.276898 1086.96 1127.34
1528452127.285179 1083 1125.13
1528452127.293576 1082.83 1123.01
1528452127.301909 1077.98 1120.76
1528452127.310182 1076.16 1118.53
1528452127.318627 1074.48 1116.33
1528452127.326963 1069.52 1113.99
1528452127.335392 1067.88 1111.68
1528452127.343557 1065.31 1109.36
1528452127.351845 1062.21 1107
1528452127.360281 1060.43 1104.68
1528452127.368534 1057.59 1102.32
1528452127.377019 1054.75 1099.94
1528452127.385279 1050.63 1097.48
1528452127.393644 1046.77 1094.94
1528452127.401964 1046.25 1092.51
1528452127.410353 1042.38 1090
1528452127.418628 1039.28 1087.47
1528452127.427015 1034.84 1084.83
1528452127.435353 1032.58 1082.22
1528452127.443687 1031.15 1079.67
1528452127.452029 1027.3 1077.05
1528452127.460493 1023.56 1074.37
1528452127.468707 1019.62 1071.64
1528452127.477072 1018.87 1069
1528452127.485201 1014.84 1066.29
1528452127.493584 1011.35 1063.54
1528452127.501929 1006.54 1060.69
1528452127.510335 1004.93 1057.91
1528452127.518606 1002.57 1055.14
1528452127.526851 998.75 1052.32
1528452127.534921 996.45 1049.53
1528452127.543201 992 1046.65
1528452127.551498 989.1 1043.77
1528452127.559744 987.03 1040.93
1528452127.567994 982.41 1038.01
1528452127.576039 979.75 1035.1
1528452127.584365 976.26 1032.15
1528452127.592532 973.02 1029.2
1528452127.600922 968.46 1026.16
1528452127.608965 968.26 1023.27
1528452127.617198 963.85 1020.29
1528452127.625332 957.91 1017.18
1528452127.633582 957.87 1014.21
1528452127.641839 952.56 1011.13
1528452127.649997 950.48 1008.1
1528452127.658177 947.26 1005.05
1528452127.666391 944.56 1002.03
1528452127.674465 941.04 998.979
1528452127.682633 936.87 995.874
1528452127.690858 933.35 992.748
1528452127.698985 930.38 989.629
1528452127.707288 926.45 986.47
1528452127.715479 923.91 983.342
1528452127.723870 919.46 980.148
1528452127.732144 915.45 976.913
1528452127.740217 913.01 973.718
1528452127.748428 910.05 970.535
1528452127.756622 908.51 967.433
1528452127.764965 902.68 964.196
1528452127.773097 901.48 961.06
1528452127.781289 897.65 957.889
1528452127.789519 894.22 954.706
1528452127.797655 889.86 951.464
1528452127.805968 887.29 948.255
1528452127.814274 883.38 945.011
1528452127.822527 879.14 941.718
1528452127.830717 875.97 938.43
1528452127.839014 874.22 935.22
1528452127.847240 870.29 931.973
1528452127.855377 868.23 928.786
1528452127.863623 865.73 925.633
1528452127.871774 863.19 922.511
1528452127.879970 858.15 919.293
1528452127.888068 854.56 916.056
1528452127.896398 852.57 912.882
1528452127.904453 850.7 909.773
1528452127.912770 845.41 906.555
1528452127.920913 842.12 903.333
1528452127.929173 839.15 900.124
1528452127.937442 836.71 896.953
1528452127.945780 834.16 893.814
1528452127.953925 830.48 890.647
1528452127.962144 828.26 887.528
1528452127.970390 824.3 884.366
1528452127.978693 820.54 881.175
1528452127.987080 818.13 878.023
1528452127.995211 816.38 874.941
1528452128.003519 812.09 871.798
1528452128.011589 810.91 868.754
1528452128.019847 804.96 865.564
1528452128.028014 804.03 862.487
1528452128.036230 803.66 859.546
1528452128.044472 798 856.469
1528452128.052681 796.51 853.471
1528452128.061006 794.01 850.498
1528452128.069223 789.65 847.455
1528452128.077368 788.36 844.5
1528452128.085666 784.53 841.502
1528452128.093780 783.88 838.621
1528452128.102124 783.66 835.873
1528452128.110198 778.54 833.006
1528452128.118579 778.07 830.259
1528452128.126585 774.13 827.453
1528452128.134869 772.31 824.696
1528452128.143097 769.32 821.927
1528452128.151369 769.52 819.307
1528452128.159634 767.65 816.724
1528452128.167950 763.4 814.058
1528452128.175994 764.71 811.59
1528452128.184217 759.75 808.998
1528452128.192490 757.78 806.437
1528452128.200594 756.37 803.934
1528452128.208670 757.17 801.596
1528452128.217011 753.74 799.203
1528452128.225111 753.71 796.928
1528452128.233340 750.92 794.628
1528452128.241557 749.66 792.379
1528452128.249855 748.97 790.209
1528452128.258125 748.97 788.147
1528452128.266387 747.01 786.09
1528452128.274497 745.16 784.044
1528452128.282882 745.06 782.095
1528452128.291034 744.93 780.236
1528452128.299261 742.93 778.371
1528452128.307480 742.82 776.593
1528452128.315798 742.49 774.888
1528452128.323987 741.25 773.206
1528452128.332285 741.4 771.616
1528452128.340562 741.56 770.113
1528452128.348760 740.41 768.628
1528452128.357073 741.33 767.263
1528452128.365259 743.82 766.091
1528452128.373493 741.11 764.842
1528452128.381755 742.62 763.731
1528452128.389867 743.08 762.698
1528452128.397921 744.69 761.798
1528452128.406238 744.03 760.909
1528452128.414447 745.16 760.122
1528452128.422693 744.29 759.33
1528452128.430946 746.97 758.712
1528452128.439259 749.08 758.231
1528452128.447457 748.64 757.751
1528452128.455812 751.51 757.439
1528452128.464003 753.16 757.225
1528452128.472264 754.28 757.078
1528452128.480514 755.89 757.019
1528452128.488874 758.74 757.105
1528452128.497117 759.33 757.216
1528452128.505252 761.34 757.422
1528452128.513457 763.49 757.726
1528452128.521743 767.69 758.224
1528452128.529996 767.14 758.67
1528452128.538293 771.57 759.315
1528452128.546579 771.94 759.946
1528452128.554811 776.23 760.76
1528452128.562980 780.08 761.726
1528452128.571175 783.26 762.803
1528452128.579369 784.03 763.864
1528452128.587688 786.86 765.014
1528452128.595950 789.41 766.234
1528452128.604118 794.01 767.623
1528452128.612357 795.53 769.018
1528452128.620786 801.25 770.629
1528452128.628970 803.94 772.295
1528452128.637041 808.32 774.096
1528452128.645044 810.88 775.935
1528452128.653361 813.2 777.799
1528452128.661515 819.45 779.881
1528452128.669807 821.32 781.953
1528452128.678139 826.93 784.202
1528452128.686254 831.3 786.557
1528452128.694577 834.9 788.974
1528452128.702715 839.39 791.495
1528452128.710873 846.01 794.221
1528452128.719143 849.34 796.977
1528452128.727456 855.13 799.884
1528452128.735587 859.31 802.856
1528452128.743756 862.51 805.838
1528452128.752062 868.75 808.984
1528452128.760190 871.99 812.134
1528452128.768431 878.47 815.451
1528452128.776665 881.95 818.776
1528452128.784922 889.19 822.297
1528452128.793143 893.85 825.874
1528452128.801400 900.5 829.606
1528452128.809644 905.83 833.417
1528452128.817912 909.16 837.204
1528452128.826155 915.72 841.13
1528452128.834415 919.32 845.039
1528452128.842638 925.68 849.071
1528452128.850912 933 853.268
1528452128.859096 939.1 857.559
1528452128.867467 945.14 861.938
1528452128.875532 953.66 866.524
1528452128.883763 957.77 871.087
1528452128.892025 964.13 875.739
1528452128.900320 969.2 880.412
1528452128.908539 974.97 885.14
1528452128.916689 981.04 889.935
1528452128.924783 990.45 894.961
1528452128.933059 994.51 899.938
1528452128.941406 999.84 904.933
1528452128.949514 1008.38 910.106
1528452128.957901 1016.27 915.414
1528452128.966269 1021.34 920.71
1528452128.974563 1028.47 926.098
1528452128.982883 1034.38 931.512
1528452128.991314 1041.24 936.999
1528452128.999641 1047.53 942.525
1528452129.007980 1055.12 948.155
1528452129.016299 1061.49 953.822
1528452129.024810 1069.22 959.592
1528452129.033040 1076.35 965.429
1528452129.041280 1085.24 971.42
1528452129.049467 1091.71 977.434
1528452129.057893 1097.44 983.435
1528452129.066172 1103.3 989.428
1528452129.074549 1112.12 995.563
1528452129.082695 1120.31 1001.8
1528452129.091034 1127.5 1008.08
1528452129.099289 1134.32 1014.4
1528452129.107616 1142.68 1020.81
1528452129.116023 1150.09 1027.27
1528452129.124283 1158.18 1033.82
1528452129.132531 1165.38 1040.4
1528452129.140940 1170.82 1046.92
1528452129.149317 1177.31 1053.44
1528452129.157649 1182.93 1059.91
1528452129.166068 1192.46 1066.54
1528452129.174329 1197.89 1073.11
1528452129.182632 1205.73 1079.74
1528452129.191067 1212.93 1086.4
1528452129.199300 1221.86 1093.17
1528452129.207609 1229.05 1099.97
1528452129.215995 1236.63 1106.8
1528452129.224360 1243.34 1113.63
1528452129.232685 1248.71 1120.38
1528452129.240971 1256.61 1127.19
1528452129.249322 1263.55 1134.01
1528452129.257652 1270.69 1140.84
1528452129.265729 1278.52 1147.73
1528452129.274195 1285.29 1154.61
1528452129.282406 1292.9 1161.52
1528452129.290734 1298.55 1168.37
1528452129.298977 1308.16 1175.36
1528452129.307509 1313.6 1182.27
1528452129.315732 1318.48 1189.08
1528452129.323978 1326.64 1195.96
1528452129.332349 1334.43 1202.88
1528452129.340821 1340.77 1209.78
1528452129.349108 1347.75 1216.68
1528452129.357368 1353.52 1223.52
1528452129.365597 1362.96 1230.49
1528452129.373989 1367.75 1237.35
1528452129.382303 1375.47 1244.26
1528452129.390382 1381.72 1251.13
1528452129.398765 1389.16 1258.03
1528452129.407122 1395.67 1264.92
1528452129.415353 1401.88 1271.76
1528452129.423789 1409.2 1278.64
1528452129.432056 1414.41 1285.43
1528452129.440203 1421.21 1292.21
1528452129.448464 1427.55 1298.98
1528452129.456910 1436.31 1305.85
1528452129.465015 1440.54 1312.58
1528452129.473499 1446.12 1319.26
1528452129.481752 1452.26 1325.91
1528452129.489992 1458.6 1332.54
1528452129.498536 1466.43 1339.24
1528452129.506781 1471.11 1345.83
1528452129.515152 1478.34 1352.46
1528452129.523383 1484.4 1359.05
1528452129.531617 1487.85 1365.49
1528452129.540401 1492.75 1371.86
1528452129.548162 1499.24 1378.23
1528452129.556470 1504.11 1384.52
1528452129.564731 1512.87 1390.94
1528452129.573122 1516.22 1397.2
1528452129.581256 1523.24 1403.5
1528452129.589601 1528.62 1409.76
1528452129.597808 1532.04 1415.87
1528452129.606259 1537.97 1421.98
1528452129.614616 1545.31 1428.14
1528452129.623026 1549.62 1434.22
1528452129.631363 1553.62 1440.19
1528452129.639534 1558.1 1446.08
1528452129.647904 1563.65 1451.96
1528452129.656236 1567.46 1457.74
1528452129.664384 1573.25 1463.51
1528452129.672664 1578.06 1469.24
1528452129.681014 1579.21 1474.74
1528452129.689292 1586.46 1480.32
1528452129.697695 1589 1485.76
1528452129.706111 1594.93 1491.22
1528452129.714401 1598.03 1496.56
1528452129.722450 1602.67 1501.86
1528452129.730904 1606.76 1507.11
1528452129.739124 1611.79 1512.34
1528452129.747325 1613.81 1517.42
1528452129.755760 1617.58 1522.42
1528452129.763928 1621.9 1527.4
1528452129.772286 1624.32 1532.24
1528452129.780508 1629.48 1537.11
1528452129.788809 1632.88 1541.89
1528452129.797033 1636.38 1546.62
1528452129.805391 1637.68 1551.17
1528452129.813801 1640.89 1555.66
1528452129.822148 1643.95 1560.07
1528452129.830368 1649.33 1564.54
1528452129.838679 1650.3 1568.82
1528452129.847041 1650.95 1572.93
1528452129.855327 1654.4 1577
1528452129.863593 1657.9 1581.05
1528452129.872094 1657.75 1584.88
1528452129.879996 1663.46 1588.81
1528452129.888219 1665.86 1592.66
1528452129.896547 1664.57 1596.26
1528452129.904951 1667.39 1599.82
1528452129.913265 1668.91 1603.27
1528452129.921556 1672.06 1606.71
1528452129.929805 1671.03 1609.93
1528452129.938111 1674.82 1613.17
1528452129.946550 1675.28 1616.28
1528452129.954733 1675.31 1619.23
1528452129.963041 1677.42 1622.14
1528452129.971435 1680.96 1625.08
1528452129.979646 1681.91 1627.92
1528452129.987979 1681.16 1630.58
1528452129.996237 1681.45 1633.13
1528452130.004637 1682.79 1635.61
1528452130.012956 1681.59 1637.91
1528452130.021446 1684.26 1640.23
1528452130.029609 1684.57 1642.44
1528452130.038047 1684.38 1644.54
1528452130.046304 1683.77 1646.5
1528452130.054625 1684.16 1648.38
1528452130.062856 1682.24 1650.08
1528452130.071192 1683.18 1651.73
1528452130.079599 1684.44 1653.37
1528452130.088017 1682.4 1654.82
1528452130.096242 1682.6 1656.21
1528452130.104723 1682.02 1657.5
1528452130.113095 1680.2 1658.63
1528452130.121409 1678.42 1659.62
1528452130.129515 1678.92 1660.59
1528452130.137883 1678.59 1661.49
1528452130.146205 1676.38 1662.23
1528452130.154431 1674.19 1662.83
1528452130.162772 1672.91 1663.33
1528452130.171122 1671.5 1663.74
1528452130.179403 1670.43 1664.08
1528452130.187702 1668.26 1664.29
1528452130.196139 1666.2 1664.38
1528452130.204341 1663.93 1664.36
1528452130.212678 1663.11 1664.3
1528452130.220983 1659.94 1664.08
1528452130.229357 1659.56 1663.85
1528452130.237613 1656.13 1663.47
1528452130.245987 1653.05 1662.95
1528452130.254391 1650.78 1662.34
1528452130.262647 1648.29 1661.64
1528452130.271005 1644.58 1660.78
1528452130.279346 1642.1 1659.85
1528452130.287767 1640.15 1658.86
1528452130.296181 1637.51 1657.8
1528452130.304397 1634.85 1656.65
1528452130.312865 1631.52 1655.39
1528452130.321125 1627.38 1653.99
1528452130.329549 1623.47 1652.47
1528452130.337790 1620.75 1650.88
1528452130.346182 1615.98 1649.13
1528452130.354384 1613.51 1647.35
1528452130.362737 1610.93 1645.53
1528452130.371077 1605.97 1643.55
1528452130.379232 1601.11 1641.43
1528452130.387788 1596.42 1639.18
1528452130.395985 1591.84 1636.81
1528452130.404336 1588.36 1634.39
1528452130.412642 1583.46 1631.85
1528452130.421017 1580.06 1629.26
1528452130.429453 1573.98 1626.49
1528452130.437744 1569.71 1623.65
1528452130.446029 1563.96 1620.67
1528452130.454348 1561.5 1617.71
1528452130.462656 1555.2 1614.58
1528452130.470916 1550.83 1611.4
1528452130.479098 1548.99 1608.28
1528452130.487452 1540.89 1604.91
1528452130.495818 1536.94 1601.51
1528452130.504131 1530.3 1597.95
1528452130.512505 1525.79 1594.34
1528452130.520718 1520.93 1590.67
1528452130.529082 1514 1586.84
1528452130.537476 1509.18 1582.95
1528452130.545717 1503.29 1578.97
1528452130.554091 1498.32 1574.94
1528452130.562317 1492.93 1570.84
1528452130.570748 1486 1566.6
1528452130.579037 1481.64 1562.35
1528452130.587322 1476.33 1558.05
1528452130.595740 1471.05 1553.7
1528452130.604927 1463.11 1549.17
1528452130.612146 1455.37 1544.48
1528452130.620495 1451.49 1539.83
1528452130.628963 1444.29 1535.05
1528452130.637277 1438.56 1530.23
1528452130.645595 1433.32 1525.38
1528452130.653924 1426.01 1520.41
1528452130.662139 1419.83 1515.38
1528452130.670468 1411.71 1510.2
1528452130.678934 1407.82 1505.08
1528452130.687189 1398.65 1499.76
1528452130.695521 1395.17 1494.53
1528452130.703945 1387.39 1489.17
1528452130.712149 1381.26 1483.78
1528452130.720565 1373.98 1478.29
1528452130.728755 1369.02 1472.82
1528452130.737118 1360.58 1467.21
1528452130.745387 1355.52 1461.63
1528452130.753692 1347.69 1455.93
1528452130.761967 1343.02 1450.28
1528452130.770276 1334.45 1444.49
1528452130.778619 1327.99 1438.67
1528452130.787024 1322.07 1432.84
1528452130.795283 1315.1 1426.95
1528452130.803661 1307.05 1420.96
1528452130.811932 1300.29 1414.92
1528452130.820038 1293.93 1408.87
1528452130.828407 1286.84 1402.77
1528452130.836598 1279.08 1396.59
1528452130.844802 1271.44 1390.33
1528452130.852994 1265.94 1384.11
1528452130.861245 1258.46 1377.83
1528452130.869428 1251.02 1371.49
1528452130.877762 1244.83 1365.15
1528452130.886184 1237.58 1358.78
1528452130.894538 1230.09 1352.34
1528452130.902762 1224.1 1345.93
1528452130.911039 1217.15 1339.49
1528452130.919333 1207.75 1332.9
1528452130.927745 1201.49 1326.33
1528452130.936165 1194.21 1319.73
1528452130.944496 1187.4 1313.11
1528452130.952858 1179.76 1306.44
1528452130.961182 1174.08 1299.82
1528452130.969440 1164.8 1293.07
1528452130.977730 1157.99 1286.32
1528452130.986058 1150.57 1279.53
1528452130.994324 1143.9 1272.75
1528452131.002645 1137.13 1265.97
1528452131.011001 1129.95 1259.17
1528452131.019346 1123.11 1252.37
1528452131.027635 1114.91 1245.49
1528452131.036006 1108.74 1238.65
1528452131.044290 1101.13 1231.78
1528452131.052563 1094.37 1224.91
1528452131.060934 1090.02 1218.16
1528452131.069213 1082.66 1211.39
1528452131.077612 1077.18 1204.68
1528452131.085960 1068.44 1197.87
1528452131.094267 1062.07 1191.08
1528452131.102550 1054.28 1184.24
1528452131.110830 1046.98 1177.37
1528452131.119168 1042.64 1170.64
1528452131.127498 1032.6 1163.74
1528452131.135842 1029.18 1157.01
1528452131.143985 1021.04 1150.21
1528452131.152387 1014.99 1143.45
1528452131.160592 1008.53 1136.7
1528452131.168998 1000.15 1129.87
1528452131.177080 996.78 1123.22
1528452131.185487 990.61 1116.59
1528452131.193598 983.77 1109.95
1528452131.201881 978.87 1103.39
1528452131.209990 971.62 1096.81
1528452131.218323 967.51 1090.34
1528452131.226467 960.69 1083.86
1528452131.234650 955.17 1077.42
1528452131.242958 951.61 1071.13
1528452131.251245 943.82 1064.77
1528452131.259490 939.42 1058.5
1528452131.267618 933.46 1052.25
1528452131.276049 928.62 1046.07
1528452131.284204 923.13 1039.92
1528452131.292321 917.36 1033.79
1528452131.300573 913.69 1027.79
1528452131.308791 907.9 1021.79
1528452131.316947 902.3 1015.82
1528452131.325215 898.68 1009.96
1528452131.333228 892.36 1004.08
1528452131.341503 887.72 998.263
1528452131.349586 884.36 992.568
1528452131.358002 880.99 986.989
1528452131.366133 874.51 981.365
1528452131.374169 871.05 975.849
1528452131.382420 867.92 970.453
1528452131.390524 863.16 965.088
1528452131.398766 860.95 959.881
1528452131.407067 855.69 954.672
1528452131.415115 852.97 949.587
1528452131.423392 850.06 944.61
1528452131.431431 847.59 939.759
1528452131.440059 844.44 934.993
1528452131.447842 840.92 930.29
1528452131.456120 835.06 925.528
1528452131.464324 831.54 920.829
1528452131.472505 829.54 916.264
1528452131.480784 827.37 911.82
1528452131.489107 822.64 907.361
1528452131.497272 820.68 903.027
1528452131.505385 817.99 898.775
1528452131.513687 816.75 894.673
1528452131.521946 812.7 890.575
1528452131.530223 810.19 886.556
1528452131.538401 807.37 882.596
1528452131.546689 806.19 878.776
1528452131.554958 803.12 874.993
1528452131.563159 800.96 871.292
1528452131.571394 798.51 867.652
1528452131.579619 796.47 864.093
1528452131.587722 796.34 860.706
1528452131.595993 794.41 857.391
1528452131.604272 791.59 854.101
1528452131.612518 791.32 850.962
1528452131.620584 790.19 847.923
1528452131.628894 787.44 844.899
1528452131.637163 786.91 842
1528452131.645508 783.95 839.097
1528452131.653696 783.34 836.309
1528452131.661830 784.3 833.709
1528452131.670186 782.17 831.132
1528452131.678356 781.81 828.666
1528452131.686502 782.79 826.372
1528452131.694740 782.56 824.181
1528452131.702918 782.96 822.12
1528452131.711037 780.55 820.042
1528452131.719204 781.66 818.123
1528452131.727570 779.06 816.17
1528452131.735816 779.46 814.334
1528452131.744035 781.05 812.67
1528452131.752319 781.87 811.13
1528452131.760530 782 809.673
1528452131.768727 781.73 808.276
1528452131.776981 782.12 806.968
1528452131.785131 781.65 805.702
1528452131.793343 782.06 804.52
1528452131.801497 783.08 803.448
1528452131.809734 784.47 802.499
1528452131.818001 783.68 801.558
1528452131.826197 785.82 800.772
1528452131.834511 787.28 800.097
1528452131.842671 789.02 799.543
1528452131.850828 789.85 799.058
1528452131.859107 792.31 798.721
1528452131.867344 792.25 798.397
1528452131.875634 792.18 798.087
1528452131.883872 794.21 797.893
1528452131.892034 795.96 797.796
1528452131.900265 797.36 797.774
1528452131.908480 800.99 797.935
1528452131.916846 800.96 798.086
1528452131.924891 802.23 798.294
1528452131.933002 805.83 798.67
1528452131.941264 806.11 799.042
1528452131.949381 809.97 799.589
1528452131.957642 809.99 800.109
1528452131.965918 813.96 800.801
1528452131.974081 815.11 801.517
1528452131.982286 815.69 802.225
1528452131.990494 821.11 803.17
1528452131.998884 821.02 804.062
1528452132.007028 825.27 805.123
1528452132.015122 828.73 806.303
1528452132.023437 828.95 807.435
1528452132.031706 832.35 808.681
1528452132.039815 834.74 809.984
1528452132.048226 836.29 811.299
1528452132.056359 838.71 812.67
1528452132.064596 842.16 814.144
1528452132.072925 844.09 815.642
1528452132.081008 846.69 817.194
1528452132.089233 849.84 818.826
1528452132.097553 852.46 820.508
1528452132.105724 856.91 822.328
1528452132.113967 858.71 824.147
1528452132.122199 860.63 825.971
1528452132.130540 864.78 827.912
1528452132.138917 864.79 829.756
1528452132.146829 868.93 831.714
1528452132.155141 873.9 833.824
1528452132.163336 875.26 835.896
1528452132.171516 877.85 837.993
1528452132.179822 880.31 840.109
1528452132.187952 884.77 842.342
1528452132.196136 888.3 844.64
1528452132.204438 891.2 846.968
1528452132.212581 893.78 849.309
1528452132.220877 897.3 851.708
1528452132.228938 898.33 854.039
1528452132.237166 902.75 856.475
1528452132.245293 905.52 858.927
1528452132.253682 909.74 861.468
1528452132.261718 913.88 864.088
1528452132.270082 917.09 866.738
1528452132.278155 919.16 869.359
1528452132.286457 923.04 872.044
1528452132.294582 926.56 874.769
1528452132.302976 929.31 877.496
1528452132.311180 934.13 880.328
1528452132.319175 934.13 883.018
1528452132.327430 941.03 885.919
1528452132.335595 941.01 888.673
1528452132.343766 944.63 891.471
1528452132.352041 949.92 894.394
1528452132.360226 951.79 897.263
1528452132.368530 955.76 900.188
1528452132.376761 959.46 903.152
1528452132.384991 962.73 906.131
1528452132.393303 966.39 909.144
1528452132.401574 967.58 912.066
1528452132.409811 972.99 915.112
1528452132.417915 976.81 918.197
1528452132.426177 979.4 921.257
1528452132.434423 981.86 924.287
1528452132.442726 985.99 927.372
1528452132.450819 989.41 930.474
1528452132.458995 993.57 933.629
1528452132.467263 996.12 936.753
1528452132.475553 997.92 939.812
1528452132.483651 1002.18 942.93
1528452132.491911 1004.18 945.993
1528452132.500269 1008.29 949.107
1528452132.508663 1013.2 952.312
1528452132.516792 1014.13 955.403
1528452132.525129 1017.1 958.488
1528452132.533522 1020.31 961.579
1528452132.541934 1024.68 964.734
1528452132.550224 1025.72 967.783
1528452132.558540 1031.1 970.949
1528452132.566906 1034.3 974.117
1528452132.575155 1038.36 977.329
1528452132.583557 1040.48 980.486
1528452132.591765 1043.36 983.63
1528452132.600030 1047.17 986.807
1528452132.608383 1050.26 989.98
1528452132.616646 1053.06 993.134
1528452132.624769 1055.65 996.26
1528452132.633168 1059.66 999.43
1528452132.641579 1061.35 1002.53
1528452132.649990 1065.57 1005.68
1528452132.658225 1069.06 1008.85
1528452132.666535 1072.12 1012.01
1528452132.674860 1073.72 1015.1
1528452132.683300 1076.76 1018.18
1528452132.691634 1079.87 1021.26
1528452132.700057 1080.8 1024.24
1528452132.708331 1086.37 1027.35
1528452132.716599 1088.62 1030.41
1528452132.725013 1089.33 1033.36
1528452132.733309 1094.36 1036.41
1528452132.741553 1096.17 1039.4
1528452132.749975 1098.97 1042.37
1528452132.758220 1098.67 1045.19
1528452132.766612 1104.89 1048.17
1528452132.775044 1105.6 1051.04
1528452132.783240 1107.53 1053.87
1528452132.791608 1113.55 1056.85
1528452132.800109 1113.29 1059.68
1528452132.808264 1117.53 1062.57
1528452132.816521 1121.31 1065.5
1528452132.824913 1121.48 1068.3
1528452132.833216 1124.36 1071.11
1528452132.841587 1127.44 1073.92
1528452132.849876 1129.68 1076.71
1528452132.858101 1130.31 1079.39
1528452132.866391 1132.46 1082.04
1528452132.874629 1134.97 1084.69
1528452132.882964 1137.39 1087.33
1528452132.891241 1141.34 1090.03
1528452132.899606 1143.68 1092.71
1528452132.908001 1145.43 1095.35
1528452132.916183 1146.54 1097.9
1528452132.924533 1147.7 1100.39
1528452132.932921 1151.58 1102.95
1528452132.940999 1153.91 1105.5
1528452132.949201 1157.03 1108.08
1528452132.957608 1158.07 1110.58
1528452132.966063 1160.03 1113.05
1528452132.974371 1161.55 1115.48
1528452132.982670 1162.62 1117.83
1528452132.990912 1165.41 1120.21
1528452132.999214 1167.29 1122.57
1528452133.007407 1169.99 1124.94
1528452133.015820 1173.11 1127.35
1528452133.024097 1174.03 1129.68
1528452133.032514 1173.89 1131.89
1528452133.040883 1176.22 1134.11
1528452133.049237 1180.38 1136.42
1528452133.057576 1179.39 1138.57
1528452133.065732 1182.16 1140.75
1528452133.073998 1185.02 1142.96
1528452133.082449 1185.06 1145.07
1528452133.090522 1187.68 1147.2
1528452133.098734 1187.57 1149.22
1528452133.107027 1190.65 1151.29
1528452133.115429 1191.4 1153.29
1528452133.123776 1191.71 1155.21
1528452133.131987 1194.07 1157.16
1528452133.140348 1195.19 1159.06
1528452133.148676 1197.42 1160.98
1528452133.157016 1198.5 1162.85
1528452133.165301 1199.7 1164.7
1528452133.173582 1199.73 1166.45
1528452133.181785 1202.89 1168.27
1528452133.190066 1202.84 1170
1528452133.198432 1205.15 1171.76
1528452133.206686 1206.24 1173.48
1528452133.215072 1208.35 1175.22
1528452133.223482 1206.78 1176.8
1528452133.231739 1211.68 1178.54
1528452133.240175 1211.22 1180.18
1528452133.248417 1212.08 1181.77
1528452133.256842 1213.32 1183.35
1528452133.265087 1213.64 1184.87
1528452133.273367 1214.68 1186.36
1528452133.281712 1214.45 1187.76
1528452133.289907 1217.5 1189.25
1528452133.298316 1217.36 1190.65
1528452133.306564 1217.71 1192.01
1528452133.315029 1220.23 1193.42
1528452133.323309 1219.43 1194.72
1528452133.331646 1221.11 1196.04
1528452133.339972 1221.8 1197.33
1528452133.348192 1221.65 1198.54
1528452133.356648 1223.22 1199.78
1528452133.364855 1223.34 1200.95
1528452133.373121 1223.26 1202.07
1528452133.381613 1224.65 1203.2
1528452133.389852 1225.76 1204.33
1528452133.398279 1225.43 1205.38
1528452133.406367 1226.71 1206.45
1528452133.414698 1226.81 1207.47
1528452133.423042 1226.52 1208.42
1528452133.431239 1228.73 1209.43
1528452133.439577 1226.67 1210.3
1528452133.447845 1229.59 1211.26
1528452133.456200 1229.7 1212.18
1528452133.464649 1227.76 1212.96
1528452133.472937 1230.01 1213.81
1528452133.481258 1229.35 1214.59
1528452133.489508 1230.06 1215.36
1528452133.497854 1229.52 1216.07
1528452133.506204 1229.77 1216.76
1528452133.514507 1229.63 1217.4
1528452133.522839 1230.51 1218.06
1528452133.531181 1229.98 1218.65
1528452133.539545 1229.61 1219.2
1528452133.547804 1230.78 1219.78
1528452133.556205 1230.15 1220.3
1528452133.564436 1230.96 1220.83
1528452133.572682 1231.16 1221.35
1528452133.581049 1231.34 1221.85
1528452133.589365 1230.12 1222.26
1528452133.597797 1231.75 1222.74
1528452133.605851 1229.17 1223.06
1528452133.614234 1231.39 1223.47
1528452133.622441 1228.78 1223.74
1528452133.630816 1229.6 1224.03
1528452133.639130 1231.11 1224.39
1528452133.647518 1229.99 1224.67
1528452133.655958 1229.64 1224.91
1528452133.664179 1229.08 1225.12
1528452133.672608 1226.12 1225.17
1528452133.680950 1227.51 1225.29
1528452133.689168 1228.31 1225.44
1528452133.697519 1226.25 1225.48
1528452133.705884 1225.92 1225.5
1528452133.714224 1226.24 1225.54
1528452133.722490 1223.04 1225.41
1528452133.730921 1224.1 1225.35
1528452133.739231 1223.33 1225.25
1528452133.747552 1223.58 1225.16
1528452133.755885 1222.8 1225.05
1528452133.764243 1221.48 1224.87
1528452133.772588 1221.35 1224.69
1528452133.781115 1220.99 1224.51
1528452133.789348 1221.06 1224.33
1528452133.797583 1219.71 1224.1
1528452133.805859 1218.74 1223.84
1528452133.814244 1217.68 1223.53
1528452133.822541 1216.68 1223.19
1528452133.830916 1214.71 1222.76
1528452133.839287 1216.06 1222.43
1528452133.847720 1212.95 1221.95
1528452133.855815 1212.76 1221.49
1528452133.864134 1212.27 1221.03
1528452133.872372 1209.53 1220.46
1528452133.880819 1209.69 1219.92
1528452133.888889 1207.41 1219.29
1528452133.897161 1206.24 1218.64
1528452133.905415 1205.73 1217.99
1528452133.913690 1204.78 1217.33
1528452133.921962 1205.45 1216.74
1528452133.930242 1203.33 1216.07
1528452133.938562 1201.36 1215.33
1528452133.946939 1202.99 1214.72
1528452133.955333 1199.71 1213.97
1528452133.963714 1197.01 1213.12
1528452133.971913 1194.83 1212.2
1528452133.980205 1195.35 1211.36
1528452133.988626 1194.24 1210.51
1528452133.996984 1192.93 1209.63
1528452134.005145 1190.28 1208.66
1528452134.013581 1189.02 1207.68
1528452134.021759 1187.8 1206.68
1528452134.030017 1185.96 1205.65
1528452134.038395 1183.06 1204.52
1528452134.046772 1180.54 1203.32
1528452134.054969 1180.3 1202.17
1528452134.063253 1180.13 1201.07
1528452134.071613 1178.69 1199.95
1528452134.080021 1177.24 1198.81
1528452134.088262 1173.43 1197.54
1528452134.096604 1173.37 1196.33
1528452134.104914 1170.33 1195.03
1528452134.113334 1169.67 1193.77
1528452134.121608 1165.7 1192.36
1528452134.129911 1164.98 1190.99
1528452134.138267 1163.8 1189.63
1528452134.146653 1162.33 1188.27
1528452134.154908 1159 1186.81
1528452134.163307 1156.06 1185.27
1528452134.171558 1156.74 1183.84
1528452134.180084 1154.24 1182.36
1528452134.188270 1152.19 1180.85
1528452134.196529 1150.12 1179.32
1528452134.204911 1145.78 1177.64
1528452134.213211 1146.12 1176.06
1528452134.221634 1142.48 1174.38
1528452134.229741 1141.29 1172.73
1528452134.238023 1139.24 1171.06
1528452134.246428 1139.69 1169.49
1528452134.254766 1134.95 1167.76
1528452134.263161 1132.14 1165.98
1528452134.271510 1129.66 1164.16
1528452134.279755 1127.47 1162.33
1528452134.288047 1126.77 1160.55
1528452134.296304 1123.26 1158.69
1528452134.304656 1121.22 1156.81
1528452134.313021 1118.83 1154.91
1528452134.321240 1115.35 1152.94
1528452134.329516 1115.5 1151.06
1528452134.337831 1112.94 1149.16
1528452134.346236 1110.58 1147.23
1528452134.354721 1108.01 1145.27
1528452134.362866 1103.86 1143.2
1528452134.371167 1103.13 1141.19
1528452134.379544 1099.23 1139.1
1528452134.387745 1096.03 1136.94
1528452134.396188 1095.99 1134.89
1528452134.404537 1091.63 1132.73
1528452134.412976 1092.01 1130.7
1528452134.421306 1086.49 1128.49
1528452134.429483 1084.77 1126.3
1528452134.437850 1082.27 1124.1
1528452134.446179 1079.09 1121.85
1528452134.454554 1075.67 1119.54
1528452134.462919 1073.39 1117.23
1528452134.471043 1072.36 1114.99
1528452134.479474 1066.96 1112.59
1528452134.487657 1066.82 1110.3
1528452134.495861 1063.52 1107.96
1528452134.504048 1059.59 1105.54
1528452134.512433 1057.44 1103.14
1528452134.520846 1054.66 1100.71
1528452134.529089 1051.42 1098.25
1528452134.537513 1048.44 1095.76
1528452134.545775 1046.53 1093.3
1528452134.554032 1040.52 1090.66
1528452134.562165 1039.78 1088.11
1528452134.570384 1035.5 1085.48
1528452134.578897 1034.08 1082.91
1528452134.587035 1032.47 1080.39
1528452134.595353 1027.17 1077.73
1528452134.603750 1023.06 1075
1528452134.611994 1021.19 1072.31
1528452134.620291 1017.61 1069.57
1528452134.628605 1014.15 1066.8
1528452134.637082 1012.31 1064.08
1528452134.645343 1008.33 1061.29
1528452134.653643 1005.22 1058.48
1528452134.661889 1001 1055.61
1528452134.670115 998.58 1052.76
1528452134.678332 994.67 1049.85
1528452134.686457 991.89 1046.96
1528452134.694702 988.9 1044.05
1528452134.702970 985.5 1041.13
1528452134.711217 981.41 1038.14
1528452134.719463 980.12 1035.24
1528452134.727662 975.52 1032.25
1528452134.735857 972.08 1029.24
1528452134.744093 970.23 1026.29
1528452134.752321 967.12 1023.33
1528452134.760397 963.07 1020.32
1528452134.768698 960.42 1017.33
1528452134.777073 957.36 1014.33
1528452134.785289 953.1 1011.27
1528452134.793419 950.66 1008.24
1528452134.801777 945.55 1005.1
1528452134.810067 943.4 1002.02
1528452134.818249 940.69 998.951
1528452134.826354 935.05 995.756
1528452134.834571 932.46 992.591
1528452134.842943 928.98 989.41
1528452134.851245 925.92 986.236
1528452134.859389 923.21 983.084
1528452134.867576 919.34 979.897
1528452134.875811 915.75 976.69
1528452134.884074 913.62 973.536
1528452134.892187 909.25 970.322
1528452134.900461 903.96 967.004
1528452134.908517 903.12 963.81
1528452134.916748 897.4 960.489
1528452134.924870 896.91 957.31
1528452134.933114 892.87 954.088
1528452134.941553 887.53 950.76
1528452134.949721 884.71 947.458
1528452134.957920 882.57 944.213
1528452134.966216 878.65 940.935
1528452134.974480 874.59 937.618
1528452134.982753 871.25 934.3
1528452134.990999 869.35 931.052
1528452134.999243 864.54 927.727
1528452135.007346 862.75 924.478
1528452135.015609 858.95 921.201
1528452135.023724 856.51 917.967
1528452135.032126 853 914.718
1528452135.040234 850.42 911.504
1528452135.048357 847.45 908.301
1528452135.056632 842.39 905.005
1528452135.064725 839.34 901.722
1528452135.073082 838.89 898.58
1528452135.081324 835.46 895.424
1528452135.089554 832.06 892.256
1528452135.097816 829.07 889.097
1528452135.106034 826.6 885.972
1528452135.114225 822.45 882.796
1528452135.122294 820.95 879.704
1528452135.130575 817.45 876.591
1528452135.138795 813.94 873.458
1528452135.147068 810.65 870.318
1528452135.155331 808.5 867.227
1528452135.163529 805.77 864.154
1528452135.171868 802.8 861.087
1528452135.179909 797.95 857.93
1528452135.188149 797.06 854.886
1528452135.196505 795.97 851.94
1528452135.204718 792.71 848.979
1528452135.213001 787.46 845.903
1528452135.221212 786.78 842.947
1528452135.229412 783.19 839.959
1528452135.237733 782.04 837.063
1528452135.245831 779.44 834.182
1528452135.254075 778.18 831.382
1528452135.262318 775.81 828.603
1528452135.270566 772.44 825.795
1528452135.278921 769.31 822.971
1528452135.287152 771.31 820.388
1528452135.295246 765.5 817.643
1528452135.303500 765.89 815.056
1528452135.311689 762.39 812.422
1528452135.320020 760.52 809.827
1528452135.328259 757.63 807.217
1528452135.336650 757.42 804.728
1528452135.344734 755.67 802.275
1528452135.353067 755.53 799.937
1528452135.361257 753.2 797.601
1528452135.369412 751.26 795.284
1528452135.377599 750.99 793.069
1528452135.385781 749.96 790.913
1528452135.393881 748.26 788.781
1528452135.402028 745.74 786.629
1528452135.410285 747.03 784.649
1528452135.418469 745.27 782.68
1528452135.426887 744.65 780.778
1528452135.434916 746.64 779.071
1528452135.443217 743.08 777.272
1528452135.451381 743.24 775.57
1528452135.459697 742.6 773.922
1528452135.467747 741.83 772.317
1528452135.475899 741.9 770.796
1528452135.484201 741.48 769.33
1528452135.492374 744.04 768.066
1528452135.500528 742.19 766.772
1528452135.508868 743.27 765.597
1528452135.517125 742.09 764.422
1528452135.525276 742.84 763.343
1528452135.533543 743.83 762.367
1528452135.541660 742.77 761.387
1528452135.549962 746.4 760.638
1528452135.558144 747.1 759.961
1528452135.566385 746.66 759.296
1528452135.574654 748.6 758.761
1528452135.583019 748.86 758.266
1528452135.591141 750.23 757.864
1528452135.599278 751.53 757.547
1528452135.607483 753.44 757.342
1528452135.615699 753.72 757.161
1528452135.623906 756.53 757.129
1528452135.632164 757.53 757.149
1528452135.640306 760.71 757.328
1528452135.648395 764.03 757.663
1528452135.656658 765.95 758.077
1528452135.664884 767.22 758.534
1528452135.672970 769.66 759.09
1528452135.681296 770.04 759.638
1528452135.689495 773.94 760.353
1528452135.697859 776.98 761.184
1528452135.706050 778.17 762.034
1528452135.714288 781.23 762.993
1528452135.722578 784.69 764.078
1528452135.730760 788.98 765.323
1528452135.738944 792.14 766.664
1528452135.746994 795.69 768.116
1528452135.755306 797.43 769.581
1528452135.763614 799.49 771.077
1528452135.771749 803.45 772.695
1528452135.779999 806.29 774.375
1528452135.788052 811.52 776.232
1528452135.796213 814.88 778.165
1528452135.804768 819.1 780.211
1528452135.812524 822.37 782.319
1528452135.820782 827.49 784.578
1528452135.829031 831.05 786.902
1528452135.837371 834.91 789.302
1528452135.845587 839.5 791.812
1528452135.853865 844.29 794.436
1528452135.862154 849.51 797.189
1528452135.870333 854.98 800.079
1528452135.878614 858.97 803.024
1528452135.886902 863.61 806.053
1528452135.895082 869.79 809.24
1528452135.903428 873.88 812.472
1528452135.911572 878.7 815.783
1528452135.919886 884.8 819.234
1528452135.928088 889.68 822.756
1528452135.936341 896.39 826.438
1528452135.944709 900.46 830.139
1528452135.952744 907.23 833.994
1528452135.961094 912.31 837.909
1528452135.969315 918.43 841.935
1528452135.977489 922.81 845.979
1528452135.985779 928.03 850.082
1528452135.994115 933.5 854.253
1528452136.002323 940.04 858.542
1528452136.010406 946.75 862.952
1528452136.018581 953.49 867.479
1528452136.026662 958.95 872.053
1528452136.034853 967.33 876.817
1528452136.043117 971.37 881.544
1528452136.051436 978.47 886.391
1528452136.059621 984.81 891.312
1528452136.067992 990.42 896.267
1528452136.076201 997.16 901.312
1528452136.084583 1004.07 906.45
1528452136.092695 1008.69 911.562
1528452136.100985 1015.67 916.767
1528452136.109208 1023.92 922.125
1528452136.117542 1031.05 927.571
1528452136.125912 1038.01 933.093
1528452136.134154 1045.93 938.735
1528452136.142537 1051.76 944.386
1528452136.150938 1057.9 950.062
1528452136.159156 1064.81 955.799
1528452136.167456 1073.23 961.671
1528452136.175959 1077.73 967.474
1528452136.184116 1086.32 973.416
1528452136.192342 1094.58 979.474
1528452136.200702 1101.13 985.557
1528452136.208940 1110.56 991.807
1528452136.217394 1116.81 998.057
1528452136.225662 1126.8 1004.49
1528452136.233912 1132.05 1010.87
1528452136.242057 1137.13 1017.19
1528452136.250430 1145.69 1023.61
1528452136.258672 1152.15 1030.04
1528452136.266812 1161.15 1036.59
1528452136.275020 1168.19 1043.17
1528452136.283424 1175.9 1049.81
1528452136.291786 1184.26 1056.53
1528452136.300148 1189.36 1063.17
1528452136.308333 1197.15 1069.87
1528452136.316726 1205.7 1076.66
1528452136.325043 1210.39 1083.35
1528452136.333299 1217.68 1090.07
1528452136.341759 1224.86 1096.81
1528452136.350093 1234.58 1103.69
1528452136.358334 1241.67 1110.59
1528452136.366690 1248.42 1117.48
1528452136.374862 1255.15 1124.37
1528452136.383288 1261.9 1131.24
1528452136.391597 1270.88 1138.23
1528452136.400009 1277.86 1145.21
1528452136.408211 1284.32 1152.16
1528452136.416461 1292.26 1159.17
1528452136.424642 1297.55 1166.09
1528452136.433034 1305.82 1173.07
1528452136.441273 1313.54 1180.1
1528452136.449588 1320.82 1187.13
1528452136.457785 1327.15 1194.13
1528452136.466181 1332.45 1201.05
1528452136.474353 1341.15 1208.06
1528452136.482492 1344.59 1214.88
1528452136.490883 1352.65 1221.77
1528452136.499121 1361.26 1228.74
1528452136.507465 1366.24 1235.62
1528452136.515749 1373.64 1242.52
1528452136.524133 1380.66 1249.43
1528452136.532454 1386.92 1256.3
1528452136.540816 1395.07 1263.24
1528452136.549209 1396.6 1269.91
1528452136.557501 1407.95 1276.81
1528452136.565790 1414.57 1283.7
1528452136.574169 1421.53 1290.59
1528452136.582645 1430.91 1297.61
1528452136.590955 1435.19 1304.49
1528452136.599142 1441.82 1311.35
1528452136.607412 1447.38 1318.15
1528452136.615716 1453.79 1324.94
1528452136.624062 1460.7 1331.72
1528452136.632456 1466.71 1338.47
1528452136.640850 1471.82 1345.14
1528452136.649068 1476.36 1351.7
1528452136.657294 1483.89 1358.31
1528452136.665585 1490.36 1364.91
1528452136.673811 1495.59 1371.45
1528452136.682027 1501.86 1377.97
1528452136.690318 1508.46 1384.49
1528452136.698588 1514 1390.97
1528452136.706827 1518.32 1397.34
1528452136.715177 1522.6 1403.6
1528452136.723571 1530.53 1409.95
1528452136.731950 1535.59 1416.23
1528452136.740335 1540.74 1422.45
1528452136.748680 1545.18 1428.59
1528452136.757078 1550.22 1434.67
1528452136.765248 1555.68 1440.72
1528452136.773497 1560.43 1446.71
1528452136.781944 1565.22 1452.63
1528452136.790308 1572.07 1458.6
1528452136.798459 1576.32 1464.49
1528452136.806839 1580.03 1470.27
1528452136.815193 1584.26 1475.97
1528452136.823370 1589.82 1481.66
1528452136.831617 1592.22 1487.19
1528452136.839924 1596.5 1492.65
1528452136.848240 1600.45 1498.04
1528452136.856552 1605.17 1503.4
1528452136.864719 1609.23 1508.69
1528452136.872972 1610.91 1513.8
1528452136.881317 1616.27 1518.93
1528452136.889535 1619.89 1523.97
1528452136.897752 1623.94 1528.97
1528452136.906092 1627.04 1533.88
1528452136.914440 1630.23 1538.69
1528452136.922821 1633.93 1543.45
1528452136.931060 1637.65 1548.16
1528452136.939336 1639.57 1552.73
1528452136.947591 1644.15 1557.31
1528452136.956040 1647.35 1561.81
1528452136.964256 1649.48 1566.19
1528452136.972645 1650.74 1570.42
1528452136.981060 1655.49 1574.67
1528452136.989270 1658.51 1578.86
1528452136.997659 1660.01 1582.92
1528452137.006037 1661.9 1586.87
1528452137.014404 1663.26 1590.69
1528452137.022720 1665.34 1594.42
1528452137.031057 1667.44 1598.07
1528452137.039370 1669.93 1601.67
1528452137.047687 1673.26 1605.25
1528452137.056050 1674.74 1608.72
1528452137.064243 1673.81 1611.98
1528452137.072643 1675.8 1615.17
1528452137.080912 1677.91 1618.3
1528452137.089196 1679.27 1621.35
1528452137.097607 1680.3 1624.3
1528452137.105881 1679.93 1627.08
1528452137.114149 1679.35 1629.69
1528452137.122579 1682.73 1632.35
1528452137.130813 1682.77 1634.87
1528452137.139275 1684.6 1637.35
1528452137.147457 1683.2 1639.65
1528452137.155652 1682.19 1641.77
1528452137.163972 1683.09 1643.84
1528452137.172305 1683.18 1645.81
1528452137.180530 1685.35 1647.78
1528452137.188918 1685.28 1649.66
1528452137.197313 1684.15 1651.38
1528452137.205478 1684.35 1653.03
1528452137.213852 1683.64 1654.56
1528452137.222174 1680.37 1655.85
1528452137.230577 1681.42 1657.13
1528452137.238685 1681.97 1658.37
1528452137.247092 1679.79 1659.44
1528452137.255450 1679.94 1660.47
1528452137.263756 1678.71 1661.38
1528452137.272128 1677.31 1662.18
1528452137.280351 1674.85 1662.81
1528452137.288711 1673.7 1663.35
1528452137.297055 1674.79 1663.93
1528452137.305511 1672.44 1664.35
1528452137.313769 1670.14 1664.64
1528452137.322167 1667.97 1664.81
1528452137.330463 1668.01 1664.97
1528452137.338931 1664.1 1664.92
1528452137.347212 1661.85 1664.77
1528452137.355500 1660.38 1664.55
1528452137.363967 1657.03 1664.18
1528452137.372298 1655.86 1663.76
1528452137.380519 1653.2 1663.23
1528452137.388855 1650.27 1662.58
1528452137.397131 1646.92 1661.8
1528452137.405544 1644.43 1660.93
1528452137.413868 1640.7 1659.92
1528452137.422238 1638.26 1658.84
1528452137.430598 1633.4 1657.57
1528452137.438784 1630.59 1656.22
1528452137.447113 1627.52 1654.78
1528452137.455466 1625.16 1653.3
1528452137.463841 1621.46 1651.71
1528452137.472273 1618.78 1650.06
1528452137.480570 1616.18 1648.37
1528452137.488833 1610.27 1646.46
1528452137.497040 1606.11 1644.45
1528452137.505478 1602.12 1642.33
1528452137.513806 1599.63 1640.19
1528452137.522066 1595.04 1637.94
1528452137.530315 1589.42 1635.51
1528452137.538748 1585.55 1633.01
1528452137.546983 1581.48 1630.44
1528452137.555351 1576.24 1627.73
1528452137.563766 1572.42 1624.96
1528452137.572058 1567.41 1622.08
1528452137.580477 1564.35 1619.2
1528452137.588757 1558.16 1616.14
1528452137.597077 1553.04 1612.99
1528452137.605305 1547.4 1609.71
1528452137.613554 1541.48 1606.3
1528452137.621939 1536.53 1602.81
1528452137.630345 1532.73 1599.31
1528452137.638627 1526.47 1595.66
1528452137.647103 1520.42 1591.9
1528452137.655387 1516.06 1588.11
1528452137.663648 1508.98 1584.15
1528452137.672058 1503.78 1580.13
1528452137.680269 1498.64 1576.06
1528452137.688585 1494.27 1571.97
1528452137.696963 1487.24 1567.73
1528452137.705283 1481.09 1563.4
1528452137.713701 1476.83 1559.07
1528452137.722074 1470.62 1554.65
1528452137.730348 1463.29 1550.08
1528452137.738686 1456.86 1545.42
1528452137.747004 1451.39 1540.72
1528452137.755273 1444.25 1535.9
1528452137.763561 1438.97 1531.05
1528452137.771926 1432.96 1526.15
1528452137.780343 1427.17 1521.2
1528452137.788727 1418.96 1516.08
1528452137.796982 1413.76 1510.97
1528452137.805406 1407.42 1505.79
1528452137.813550 1399.07 1500.46
1528452137.821917 1394.8 1495.17
1528452137.830245 1386.35 1489.73
1528452137.838633 1381.18 1484.3
1528452137.846907 1371.16 1478.65
1528452137.855108 1365.98 1473.01
1528452137.863506 1361.6 1467.44
1528452137.871888 1353.41 1461.74
1528452137.880002 1347.85 1456.05
1528452137.888443 1342.47 1450.37
1528452137.896877 1333.55 1444.53
1528452137.905129 1325.93 1438.6
1528452137.913443 1320.41 1432.69
1528452137.921771 1314.3 1426.77
1528452137.930142 1306.12 1420.74
1528452137.938447 1301.77 1414.79
1528452137.946614 1292.18 1408.66
1528452137.954911 1285.22 1402.49
1528452137.963227 1279.61 1396.34
1528452137.971664 1269.87 1390.02
1528452137.980094 1265.42 1383.79
1528452137.988143 1258.53 1377.53
1528452137.996476 1252.27 1371.26
1528452138.004838 1243.53 1364.88
1528452138.013080 1236.84 1358.47
1528452138.021474 1229.32 1352.02
1528452138.029762 1220.52 1345.44
1528452138.038145 1217.11 1339.02
1528452138.046269 1207.01 1332.42
1528452138.054730 1202.38 1325.92
1528452138.062930 1194.42 1319.35
1528452138.071259 1186.71 1312.71
1528452138.079637 1178.28 1305.99
1528452138.087756 1172.13 1299.3
1528452138.096140 1164.73 1292.57
1528452138.104484 1157.31 1285.81
1528452138.112855 1150.16 1279.03
1528452138.121186 1143.64 1272.26
1528452138.129412 1134.66 1265.38
1528452138.137676 1129.87 1258.6
1528452138.146007 1121.8 1251.76
1528452138.154224 1114.84 1244.92
1528452138.162546 1108.27 1238.08
1528452138.170815 1102.14 1231.29
1528452138.179143 1096.31 1224.54
1528452138.187549 1088.55 1217.74
1528452138.195960 1083.28 1211.01
1528452138.204292 1074.5 1204.19
1528452138.212675 1066.44 1197.3
1528452138.221094 1063.02 1190.59
1528452138.229395 1056.4 1183.88
1528452138.237692 1049.97 1177.18
1528452138.246069 1041.44 1170.4
1528452138.254454 1034.92 1163.62
1528452138.262816 1029.54 1156.92
1528452138.271088 1021.71 1150.16
1528452138.279440 1015.65 1143.43
1528452138.287756 1008 1136.66
1528452138.296102 1002.78 1129.97
1528452138.304284 995.61 1123.25
1528452138.312581 990.61 1116.62
1528452138.320727 985.13 1110.04
1528452138.329150 976.46 1103.36
1528452138.337247 973.16 1096.85
1528452138.345539 969.97 1090.51
1528452138.353866 962.22 1084.09
1528452138.362181 956.51 1077.72
1528452138.370450 949.37 1071.3
1528452138.378597 944.48 1064.96
1528452138.386904 939.86 1058.7
1528452138.394968 934.36 1052.49
1528452138.403233 929.52 1046.34
1528452138.411551 923.72 1040.21
1528452138.419586 918.03 1034.1
1528452138.427917 914.03 1028.09
1528452138.435958 909.61 1022.17
1528452138.444088 904.37 1016.28
1528452138.452368 897.94 1010.36
1528452138.460532 895.05 1004.6
1528452138.468685 890.8 998.907
1528452138.476948 885.22 993.223
1528452138.485131 880.68 987.596
1528452138.493486 877.48 982.09
1528452138.501727 873.22 976.646
1528452138.509908 867.86 971.207
1528452138.518185 865.55 965.924
1528452138.526342 861.98 960.727
1528452138.534434 856.86 955.534
1528452138.542746 852.61 950.388
1528452138.550863 850.18 945.377
1528452138.559206 846.39 940.428
1528452138.567329 843.03 935.558
1528452138.575643 839.01 930.73
1528452138.583796 835.01 925.944
1528452138.592131 831.85 921.24
1528452138.600219 828.8 916.618
1528452138.608387 827.21 912.147
1528452138.616522 823.47 907.713
1528452138.624815 818.66 903.261
1528452138.633112 816.92 898.944
1528452138.641140 815.28 894.761
1528452138.649488 812.1 890.628
1528452138.657814 810.39 886.616
1528452138.665894 805.85 882.577
1528452138.673919 802.8 878.589
1528452138.682327 804.39 874.879
1528452138.690426 800.29 871.149
1528452138.698624 797.37 867.46
1528452138.706844 798.03 863.989
1528452138.715099 795.5 860.564
1528452138.723323 795.44 857.308
1528452138.731622 791.75 854.03
1528452138.739736 789.71 850.814
1528452138.747933 789.28 847.737
1528452138.756305 786.92 844.697
1528452138.764449 785.69 841.746
1528452138.772581 786.85 839.001
1528452138.780809 784.9 836.296
1528452138.788955 783.92 833.678
1528452138.797226 783.54 831.171
1528452138.805476 782.63 828.744
1528452138.813735 783.13 826.463
1528452138.822041 781.04 824.192
1528452138.830308 780.64 822.014
1528452138.838380 780.7 819.948
1528452138.846686 779.98 817.95
1528452138.854793 779.83 816.044
1528452138.863129 781.19 814.301
1528452138.871352 781.43 812.658
1528452138.879416 779.76 811.013
1528452138.887447 781.9 809.557
1528452138.895833 780.93 808.126
1528452138.904194 782.02 806.821
1528452138.912152 781.86 805.573
1528452138.920222 782.51 804.419
1528452138.928427 782.98 803.347
1528452138.936705 784.27 802.394
1528452138.945050 785.39 801.543
1528452138.953126 787.45 800.839
1528452138.961248 787.43 800.168
1528452138.969456 789.31 799.625
1528452138.977758 790 799.144
1528452138.985852 792.3 798.802
1528452138.994133 792.11 798.467
1528452139.002396 794 798.244
1528452139.010627 795.52 798.108
1528452139.018739 797.03 798.054
1528452139.027041 799.69 798.136
1528452139.035211 798.54 798.156
1528452139.043556 801.57 798.327
1528452139.051737 802.28 798.524
1528452139.059998 806.66 798.931
1528452139.068237 807.99 799.384
1528452139.076529 809.95 799.912
1528452139.084661 812.48 800.541
1528452139.092983 813.18 801.173
1528452139.101245 817.92 802.01
1528452139.109444 818.02 802.811
1528452139.117561 820.02 803.671
1528452139.125810 823.7 804.672
1528452139.133949 826.08 805.743
1528452139.142216 828.9 806.901
1528452139.150461 830.77 808.094
1528452139.158711 832.31 809.305
1528452139.166845 834.58 810.569
1528452139.174983 838.01 811.941
1528452139.183296 841.02 813.395
1528452139.191539 842.97 814.873
1528452139.199789 847 816.48
1528452139.208028 848.69 818.09
1528452139.216096 851.94 819.783
1528452139.224445 853.32 821.46
1528452139.232642 856.21 823.197
1528452139.240923 859.39 825.007
1528452139.249040 864.1 826.961
1528452139.257311 865.01 828.864
1528452139.265418 868.16 830.829
1528452139.273726 871.33 832.854
1528452139.281918 873.85 834.904
1528452139.290173 879.51 837.134
1528452139.298422 879.83 839.269
1528452139.306609 883.57 841.484
1528452139.314858 887.24 843.772
1528452139.323029 890.89 846.128
1528452139.331329 892.46 848.444
1528452139.339622 895.54 850.799
1528452139.347869 898.09 853.163
1528452139.356057 902.12 855.611
1528452139.364368 907.07 858.184
1528452139.372587 908.97 860.724
1528452139.380726 911.97 863.286
1528452139.388928 915.96 865.92
1528452139.397217 919.95 868.621
1528452139.405411 922.07 871.294
1528452139.413660 925.26 873.992
1528452139.422018 927.23 876.654
1528452139.430328 933.69 879.506
1528452139.438388 935.08 882.284
1528452139.446663 937.68 885.054
1528452139.455019 942.38 887.92
1528452139.463161 945.77 890.813
1528452139.471374 948.54 893.699
1528452139.479527 951.25 896.577
1528452139.487688 955.07 899.501
1528452139.495993 958.05 902.429
1528452139.504158 960.13 905.314
1528452139.512225 965.32 908.314
1528452139.520411 967.34 911.265
1528452139.528721 971.1 914.257
1528452139.536972 975.79 917.334
1528452139.545168 976.49 920.292
1528452139.553464 982.49 923.402
1528452139.561808 986.09 926.536
1528452139.569836 989.53 929.686
1528452139.578110 992.08 932.805
1528452139.586256 995.02 935.916
1528452139.594473 998.02 939.021
1528452139.602879 1000.68 942.104
1528452139.611274 1005.26 945.262
1528452139.619551 1008.31 948.414
1528452139.627898 1011.49 951.568
1528452139.636280 1016.27 954.803
1528452139.644696 1018.75 958.001
1528452139.652971 1020.34 961.118
1528452139.661266 1024.5 964.287
1528452139.669805 1027.59 967.452
1528452139.678017 1031.54 970.656
1528452139.686297 1036.36 973.941
1528452139.694630 1037.45 977.117
1528452139.703061 1039.99 980.261
1528452139.711292 1043.83 983.439
1528452139.719695 1045.9 986.562
1528452139.727986 1050.01 989.734
1528452139.736253 1053.07 992.901
1528452139.744635 1056.47 996.08
1528452139.753126 1058.55 999.203
1528452139.761393 1063.32 1002.41
1528452139.769623 1065.44 1005.56
1528452139.778115 1070.52 1008.81
1528452139.786444 1071.65 1011.95
1528452139.794778 1075.1 1015.11
1528452139.803095 1077.07 1018.21
1528452139.811466 1080.02 1021.3
1528452139.819768 1082.47 1024.36
1528452139.828134 1086.23 1027.45
1528452139.836458 1087.77 1030.47
1528452139.844876 1091.35 1033.51
1528452139.853112 1094.44 1036.56
1528452139.861408 1095.51 1039.5
1528452139.869802 1098.98 1042.48
1528452139.878118 1103.24 1045.52
1528452139.886428 1104.17 1048.45
1528452139.894695 1105.09 1051.28
1528452139.902849 1109.9 1054.21
1528452139.911155 1113.14 1057.16
1528452139.919529 1115.35 1060.07
1528452139.927819 1115.79 1062.85
1528452139.936065 1119.08 1065.66
1528452139.944357 1123.66 1068.56
1528452139.952583 1125.47 1071.41
1528452139.960991 1125.76 1074.13
1528452139.969107 1128.78 1076.86
1528452139.977342 1130.39 1079.54
1528452139.985811 1134.22 1082.27
1528452139.994098 1136.65 1084.99
1528452140.002320 1137.61 1087.62
1528452140.010728 1140.99 1090.29
1528452140.018935 1141.86 1092.87
1528452140.027335 1143.26 1095.39
1528452140.035600 1145.69 1097.9
1528452140.043963 1148.99 1100.46
1528452140.052286 1152.32 1103.05
1528452140.060583 1152.65 1105.53
1528452140.068871 1155.24 1108.02
1528452140.077050 1156.99 1110.46
1528452140.085424 1158.66 1112.87
1528452140.093732 1160.44 1115.25
1528452140.102037 1163.42 1117.66
1528452140.110221 1164.69 1120.01
1528452140.118568 1166.16 1122.32
1528452140.126751 1168.27 1124.62
1528452140.135066 1171.42 1126.96
1528452140.143419 1172.4 1129.23
1528452140.151738 1175.05 1131.52
1528452140.160050 1175.84 1133.74
1528452140.168321 1177.01 1135.9
1528452140.176731 1177.94 1138
1528452140.185071 1180.8 1140.14
1528452140.193380 1182.74 1142.27
1528452140.201888 1185.04 1144.41
1528452140.210230 1186.83 1146.53
1528452140.218481 1187.48 1148.58
1528452140.226868 1189.94 1150.65
1528452140.235132 1190.18 1152.62
1528452140.243505 1191.02 1154.54
1528452140.251702 1194.17 1156.52
1528452140.260077 1192.5 1158.32
1528452140.268458 1194.48 1160.13
1528452140.276839 1196.51 1161.95
1528452140.285032 1199.37 1163.82
1528452140.293317 1201.02 1165.68
1528452140.301694 1202.59 1167.53
1528452140.310120 1203.34 1169.32
1528452140.318385 1203.96 1171.05
1528452140.326770 1205.6 1172.78
1528452140.335079 1205.47 1174.41
1528452140.343454 1207.01 1176.04
1528452140.351707 1209.76 1177.73
1528452140.359807 1210.3 1179.36
1528452140.368160 1211.08 1180.94
1528452140.376546 1213.32 1182.56
1528452140.384747 1214.77 1184.17
1528452140.393160 1213.52 1185.64
1528452140.401367 1214.88 1187.1
1528452140.409615 1215.85 1188.54
1528452140.417943 1218.02 1190.01
1528452140.426309 1218.39 1191.43
1528452140.434639 1217.66 1192.74
1528452140.442935 1217.59 1193.99
1528452140.451319 1220.4 1195.31
1528452140.459643 1220.53 1196.57
1528452140.467900 1221.6 1197.82
1528452140.476233 1223.77 1199.12
1528452140.484523 1221.41 1200.23
1528452140.492775 1223.47 1201.39
1528452140.501129 1222.6 1202.45
1528452140.509462 1225.76 1203.62
1528452140.517883 1225.83 1204.73
1528452140.526225 1225.97 1205.79
1528452140.534434 1226.53 1206.83
1528452140.542758 1227.32 1207.85
1528452140.551165 1226.11 1208.77
1528452140.559412 1226.65 1209.66
1528452140.567664 1228.1 1210.58
1528452140.576055 1226.38 1211.37
1528452140.584377 1229.2 1212.26
1528452140.592725 1229.07 1213.1
1528452140.601065 1227.48 1213.82
1528452140.609201 1228.65 1214.56
1528452140.617567 1228.43 1215.26
1528452140.625918 1229.6 1215.97
1528452140.634308 1228 1216.58
1528452140.642652 1229.64 1217.23
1528452140.651021 1230.41 1217.89
1528452140.659204 1230.22 1218.5
1528452140.667594 1230.09 1219.08
1528452140.675912 1231.12 1219.69
1528452140.684209 1231.38 1220.27
1528452140.692559 1229.58 1220.74
1528452140.700914 1231.5 1221.27
1528452140.709131 1229.44 1221.68
1528452140.717459 1230.46 1222.12
1528452140.725719 1229.21 1222.48
1528452140.734162 1229.33 1222.82
1528452140.742436 1229.24 1223.14
1528452140.750790 1229.4 1223.45
1528452140.759035 1230.03 1223.78
1528452140.767424 1230 1224.09
1528452140.775611 1227.05 1224.24
1528452140.783901 1227.15 1224.39
1528452140.792211 1228.33 1224.58
1528452140.800548 1226.2 1224.66
1528452140.808857 1225.5 1224.71
1528452140.817255 1225.65 1224.75
1528452140.825580 1225.87 1224.81
1528452140.833951 1226.37 1224.89
1528452140.842297 1224.37 1224.86
1528452140.850655 1223.26 1224.78
1528452140.858766 1222.1 1224.65
1528452140.867211 1221.95 1224.51
1528452140.875609 1221.41 1224.36
1528452140.883860 1220.49 1224.16
1528452140.892261 1221.28 1224.02
1528452140.900574 1220.81 1223.86
1528452140.908954 1218.64 1223.6
1528452140.917099 1218.28 1223.33
1528452140.925493 1216.98 1223.01
1528452140.933673 1217.31 1222.73
1528452140.942017 1215.17 1222.35
1528452140.950438 1214.18 1221.94
1528452140.958721 1213.41 1221.52
1528452140.967082 1211.84 1221.03
1528452140.975261 1212.64 1220.61
1528452140.983579 1210.39 1220.1
1528452140.991709 1208.55 1219.52
1528452141.000100 1208.5 1218.97
1528452141.008456 1207.29 1218.39
1528452141.016899 1206.3 1217.78
1528452141.025149 1206.17 1217.2
1528452141.033402 1205.6 1216.62
1528452141.041509 1203.78 1215.98
1528452141.049704 1201.95 1215.28
1528452141.057947 1201.04 1214.57
1528452141.066249 1200.54 1213.87
1528452141.074492 1198.14 1213.08
1528452141.082842 1197.15 1212.28
1528452141.091071 1195.5 1211.44
1528452141.099468 1193.82 1210.56
1528452141.107845 1193.76 1209.72
1528452141.116105 1190.32 1208.75
1528452141.124449 1188.06 1207.72
1528452141.132770 1188.84 1206.77
1528452141.141215 1189.14 1205.89
1528452141.149605 1185.63 1204.88
1528452141.157969 1184.07 1203.84
1528452141.166237 1182.81 1202.79
1528452141.174562 1181.24 1201.71
1528452141.182800 1178.1 1200.53
1528452141.190985 1177.54 1199.38
1528452141.199241 1175.94 1198.21
1528452141.207658 1172.88 1196.94
1528452141.215897 1172.32 1195.71
1528452141.224317 1171.37 1194.49
1528452141.232645 1169.74 1193.26
1528452141.241007 1167.43 1191.96
1528452141.249365 1164.33 1190.58
1528452141.257580 1163.04 1189.21
1528452141.265947 1163.08 1187.9
1528452141.274321 1161.63 1186.59
1528452141.282563 1159.52 1185.23
1528452141.291008 1154.89 1183.72
1528452141.299320 1154.86 1182.27
1528452141.307517 1152.21 1180.77
1528452141.315943 1152.86 1179.37
1528452141.324239 1148.2 1177.82
1528452141.332567 1146.07 1176.23
1528452141.341067 1144.29 1174.63
1528452141.349324 1143.2 1173.06
1528452141.357668 1137.66 1171.29
1528452141.365930 1135.98 1169.52
1528452141.374316 1134.64 1167.78
1528452141.382566 1132.65 1166.02
1528452141.390823 1132.75 1164.36
1528452141.399265 1128.88 1162.59
1528452141.407586 1126.32 1160.77
1528452141.415808 1122.03 1158.84
1528452141.424203 1121.47 1156.97
1528452141.432434 1119.36 1155.09
1528452141.440896 1116.83 1153.17
1528452141.449179 1113.86 1151.21
1528452141.457597 1111.68 1149.23
1528452141.465775 1111.3 1147.34
1528452141.473956 1108.14 1145.38
1528452141.482309 1107.44 1143.48
1528452141.490524 1102.96 1141.45
1528452141.498723 1101.15 1139.44
1528452141.507047 1099.98 1137.46
1528452141.515313 1095.95 1135.39
1528452141.523501 1093.96 1133.32
1528452141.531905 1090.97 1131.2
1528452141.540180 1088.15 1129.05
1528452141.548456 1087.25 1126.96
1528452141.556775 1083.35 1124.78
1528452141.565243 1080.96 1122.59
1528452141.573472 1078.43 1120.38
1528452141.581855 1074.09 1118.06
1528452141.590078 1071.64 1115.74
1528452141.598346 1069.75 1113.44
1528452141.606610 1066.38 1111.09
1528452141.614794 1062.76 1108.67
1528452141.623153 1062.21 1106.35
1528452141.631350 1056.34 1103.85
1528452141.639590 1054.13 1101.36
1528452141.647980 1052.73 1098.93
1528452141.656327 1050.27 1096.5
1528452141.664690 1045.77 1093.96
1528452141.672983 1044.51 1091.49
1528452141.681349 1040.76 1088.95
1528452141.689737 1037.78 1086.39
1528452141.698091 1036.1 1083.88
1528452141.706357 1032.07 1081.29
1528452141.714601 1029.08 1078.68
1528452141.722983 1024.33 1075.96
1528452141.731259 1022.7 1073.3
1528452141.739633 1018.6 1070.56
1528452141.747872 1014.98 1067.78
1528452141.756264 1012.76 1065.03
1528452141.764595 1009.76 1062.27
1528452141.773066 1007.1 1059.51
1528452141.781278 1003.04 1056.69
1528452141.789451 999.71 1053.84
1528452141.797640 998.02 1051.05
1528452141.805929 994.65 1048.23
1528452141.814211 989.97 1045.31
1528452141.822463 988.41 1042.47
1528452141.830688 985.34 1039.61
1528452141.839080 979.74 1036.62
1528452141.847054 975.59 1033.57
1528452141.855294 973.83 1030.58
1528452141.863586 969.16 1027.51
1528452141.871745 967.31 1024.5
1528452141.880002 964.55 1021.5
1528452141.888056 961.22 1018.49
1528452141.896199 958.38 1015.48
1528452141.904488 955.05 1012.46
1528452141.912711 949.23 1009.3
1528452141.920870 946.85 1006.18
1528452141.929108 944.16 1003.08
1528452141.937368 939.41 999.893
1528452141.945619 938.27 996.812
1528452141.953809 935.19 993.731
1528452141.962106 929.22 990.505
1528452141.970373 926.28 987.294
1528452141.978571 923.57 984.108
1528452141.986856 920.65 980.935
1528452141.995183 916.48 977.712
1528452142.003429 911.72 974.413
1528452142.011681 909.78 971.181
1528452142.019975 905.9 967.917
1528452142.028123 902.13 964.628
1528452142.036266 900.91 961.442
1528452142.044644 896.88 958.214
1528452142.052904 891.43 954.874
1528452142.061075 890.47 951.654
1528452142.069100 884.5 948.297
1528452142.077433 884.27 945.095
1528452142.085520 878.58 941.769
1528452142.093785 876.08 938.485
1528452142.101964 872.83 935.202
1528452142.110053 867.79 931.832
1528452142.118450 866.53 928.567
1528452142.126499 861.14 925.195
1528452142.134733 858.77 921.874
1528452142.143008 855.99 918.58
1528452142.151253 852.82 915.292
1528452142.159485 849.74 912.014
1528452142.167813 845.46 908.686
1528452142.176083 843.83 905.444
1528452142.184185 841.18 902.23
1528452142.192236 836.54 898.946
1528452142.200606 834.02 895.7
1528452142.208815 829.43 892.386
1528452142.217105 827.95 889.164
1528452142.225308 827.02 886.057
1528452142.233617 821.14 882.811
1528452142.241685 818.45 879.593
1528452142.249784 816.66 876.447
1528452142.258096 812.7 873.259
1528452142.266190 809.6 870.076
1528452142.274394 807.96 866.97
1528452142.282675 803.94 863.819
1528452142.290934 800.19 860.637
1528452142.299099 799.49 857.58
1528452142.307472 797.89 854.596
1528452142.315714 795.06 851.619
1528452142.323785 790.74 848.575
1528452142.332035 787.41 845.517
1528452142.340235 786.32 842.557
1528452142.348346 782.29 839.543
1528452142.356644 781.28 836.63
1528452142.364762 779.73 833.785
1528452142.372952 777.62 830.977
1528452142.381186 775.04 828.18
1528452142.389505 771.31 825.337
1528452142.397571 770.12 822.576
1528452142.405929 765.65 819.73
1528452142.414156 765.6 817.023
1528452142.422373 766.27 814.485
1528452142.430486 762.53 811.888
1528452142.438662 761.31 809.359
1528452142.446891 757.87 806.784
1528452142.455224 756.42 804.266
1528452142.463443 754.52 801.779
1528452142.471693 753.73 799.376
1528452142.479760 751.41 796.978
1528452142.487885 750.58 794.658
1528452142.496179 749.22 792.386
1528452142.504310 748.83 790.208
1528452142.512553 747.58 788.077
1528452142.520784 746.23 785.985
1528452142.528958 746.2 783.995
1528452142.537151 743.37 781.964
1528452142.545468 743.51 780.041
1528452142.553778 743.69 778.224
1528452142.561955 743.61 776.493
1528452142.570054 741.98 774.768
1528452142.578353 741.48 773.103
1528452142.586598 741.11 771.503
1528452142.594815 741.1 769.983
1528452142.602958 741.52 768.56
1528452142.611116 740.65 767.165
1528452142.619172 740.88 765.85
1528452142.627334 742.31 764.673
1528452142.635664 743.21 763.6
1528452142.643698 743.73 762.607
1528452142.651939 744.31 761.692
1528452142.660144 743.9 760.802
1528452142.668459 746.67 760.096
1528452142.676724 743.81 759.281
1528452142.684872 748.23 758.729
1528452142.693141 747.97 758.191
1528452142.701348 749.35 757.749
1528452142.709678 752.76 757.499
1528452142.717855 752.87 757.268
1528452142.726060 753.75 757.092
1528452142.734484 755.6 757.017
1528452142.742446 758.41 757.087
1528452142.750825 760.53 757.259
1528452142.759122 761.92 757.492
1528452142.767269 763.33 757.784
1528452142.775573 764.36 758.113
1528452142.783856 767.83 758.599
1528452142.791959 771.16 759.227
1528452142.800252 771.09 759.82
1528452142.808413 776.05 760.631
1528452142.816533 778.54 761.527
1528452142.824806 781.61 762.531
1528452142.832950 785.88 763.699
1528452142.841236 785.96 764.812
1528452142.849581 790.17 766.08
1528452142.857920 794.57 767.504
1528452142.865949 797.48 769.003
1528452142.874105 801.27 770.616
1528452142.882346 805.13 772.342
1528452142.890502 807.95 774.122
1528452142.898758 810.25 775.929
1528452142.906973 815.77 777.921
1528452142.915251 816.7 779.86
1528452142.923528 822.5 781.992
1528452142.931776 825.39 784.162
1528452142.939848 829.52 786.43
1528452142.948040 834.1 788.813
1528452142.956331 841.1 791.427
1528452142.964606 844.8 794.096
1528452142.972936 848.86 796.834
1528452142.981155 852.09 799.597
1528452142.989292 858.59 802.547
1528452142.997547 863.28 805.583
1528452143.005848 868.81 808.745
1528452143.014062 875.67 812.091
1528452143.022186 881.29 815.551
1528452143.030573 886.28 819.087
1528452143.038703 891.87 822.726
1528452143.046928 895.72 826.376
1528452143.055298 900.94 830.104
1528452143.063511 905.99 833.899
1528452143.071705 911 837.754
1528452143.080088 916.33 841.683
1528452143.088272 922.35 845.716
1528452143.096542 929.63 849.912
1528452143.104780 935.17 854.175
1528452143.113078 942.99 858.615
1528452143.121279 950.22 863.196
1528452143.129431 953.49 867.71
1528452143.137740 960.65 872.357
1528452143.146039 966.29 877.054
1528452143.154318 974.86 881.944
1528452143.162484 979.81 886.837
1528452143.170801 987.79 891.885
1528452143.179108 992.61 896.921
1528452143.187351 999.57 902.054
1528452143.195599 1008.35 907.369
1528452143.203990 1013.71 912.686
1528452143.212144 1020.31 918.067
1528452143.220435 1025.59 923.443
1528452143.228690 1033.37 928.939
1528452143.237150 1041.37 934.561
1528452143.245432 1048.25 940.245
1528452143.253671 1055.32 945.999
1528452143.262050 1061.78 951.788
1528452143.270236 1069.74 957.686
1528452143.278539 1076.08 963.605
1528452143.286827 1081.47 969.499
1528452143.295083 1090.76 975.562
1528452143.303397 1096.55 981.611
1528452143.311656 1106.08 987.835
1528452143.319892 1114.02 994.144
1528452143.328202 1122.51 1000.56
1528452143.336689 1127.7 1006.92
1528452143.344979 1136.23 1013.38
1528452143.353324 1142.94 1019.86
1528452143.361645 1149.65 1026.35
1528452143.369935 1156.93 1032.88
1528452143.378214 1165.77 1039.53
1528452143.386535 1174.46 1046.27
1528452143.394743 1178.81 1052.9
1528452143.403127 1184.42 1059.47
1528452143.411433 1192.28 1066.12
1528452143.419886 1198.62 1072.74
1528452143.427987 1207.86 1079.5
1528452143.436353 1216.3 1086.34
1528452143.444675 1220.83 1093.06
1528452143.452932 1230.86 1099.95
1528452143.461168 1236.11 1106.76
1528452143.469452 1243.36 1113.59
1528452143.477861 1249.76 1120.4
1528452143.486145 1257.95 1127.28
1528452143.494592 1267.03 1134.26
1528452143.502875 1273.81 1141.24
1528452143.511259 1281.72 1148.26
1528452143.519577 1289.14 1155.31
1528452143.527959 1295.32 1162.31
1528452143.536272 1303.34 1169.36
1528452143.544699 1310.99 1176.44
1528452143.553109 1317.26 1183.48
1528452143.561240 1322.95 1190.46
1528452143.569451 1330.93 1197.48
1528452143.577614 1334.83 1204.35
1528452143.585869 1343.99 1211.33
1528452143.594270 1350.16 1218.27
1528452143.602551 1355.26 1225.12
1528452143.610749 1362.91 1232.01
1528452143.619215 1370.48 1238.93
1528452143.627450 1377.55 1245.86
1528452143.635692 1383.84 1252.76
1528452143.643996 1390.22 1259.64
1528452143.652230 1398.12 1266.56
1528452143.660595 1402.14 1273.34
1528452143.669011 1409.56 1280.15
1528452143.677289 1419.76 1287.13
1528452143.685653 1424.33 1293.99
1528452143.694063 1430.66 1300.82
1528452143.702337 1436.45 1307.61
1528452143.710570 1441.85 1314.32
1528452143.718831 1449.2 1321.06
1528452143.727201 1456.92 1327.85
1528452143.735480 1462.42 1334.58
1528452143.743865 1467.82 1341.24
1528452143.752266 1476.25 1347.99
1528452143.760342 1482 1354.7
1528452143.768740 1486.1 1361.27
1528452143.776907 1492.82 1367.84
1528452143.785225 1497.17 1374.31
1528452143.793541 1505.72 1380.88
1528452143.801845 1510.8 1387.38
1528452143.810164 1514.7 1393.74
1528452143.818407 1521.85 1400.15
1528452143.826797 1525.53 1406.42
1528452143.835055 1531.16 1412.65
1528452143.843404 1537.29 1418.89
1528452143.851629 1543.62 1425.12
1528452143.859946 1547.96 1431.26
1528452143.868350 1553.37 1437.37
1528452143.876698 1559.22 1443.46
1528452143.885070 1563.46 1449.46
1528452143.893395 1567.68 1455.37
1528452143.901710 1572.83 1461.25
1528452143.910060 1577.71 1467.07
1528452143.918402 1581.16 1472.77
1528452143.926477 1584.87 1478.38
1528452143.934899 1590.31 1483.97
1528452143.943053 1594.62 1489.51
1528452143.951380 1598.12 1494.94
1528452143.959673 1601.75 1500.28
1528452143.967853 1606.87 1505.61
1528452143.976239 1611.57 1510.91
1528452143.984607 1613.38 1516.03
1528452143.992832 1617.07 1521.08
1528452144.001280 1621.8 1526.12
1528452144.009601 1627.9 1531.21
1528452144.017819 1629.67 1536.13
1528452144.026031 1632.28 1540.94
1528452144.034332 1638.26 1545.8
1528452144.042747 1638.4 1550.43
1528452144.051136 1643.78 1555.1
1528452144.059237 1645.31 1559.61
1528452144.067763 1647.66 1564.01
1528452144.075935 1651.25 1568.38
1528452144.084124 1653.22 1572.62
1528452144.092394 1656.86 1576.83
1528452144.100703 1658.02 1580.89
1528452144.109079 1659.96 1584.84
1528452144.117454 1662.98 1588.75
1528452144.125760 1665.86 1592.61
1528452144.134116 1666.37 1596.29
1528452144.142326 1668.72 1599.91
1528452144.150571 1670.29 1603.43
1528452144.158932 1672.05 1606.86
1528452144.167226 1674.12 1610.23
1528452144.175608 1676.01 1613.52
1528452144.184011 1676.62 1616.67
1528452144.192284 1679.22 1619.8
1528452144.200602 1680.3 1622.82
1528452144.208842 1680.96 1625.73
1528452144.217178 1682.66 1628.58
1528452144.225575 1681.64 1631.23
1528452144.233972 1683.85 1633.86
1528452144.242358 1684.68 1636.4
1528452144.250611 1682.77 1638.72
1528452144.258824 1684.3 1641
1528452144.267174 1685.1 1643.2
1528452144.275436 1685.81 1645.33
1528452144.283845 1684.57 1647.3
1528452144.292159 1684.97 1649.18
1528452144.300472 1684.14 1650.93
1528452144.308869 1685.93 1652.68
1528452144.316994 1683.78 1654.23
1528452144.325383 1683.26 1655.68
1528452144.333809 1683.5 1657.08
1528452144.342066 1681.05 1658.27
1528452144.350410 1682.32 1659.48
1528452144.358767 1680.12 1660.51
1528452144.367149 1681.03 1661.53
1528452144.375558 1677.95 1662.36
1528452144.383828 1676.84 1663.08
1528452144.392091 1674.41 1663.65
1528452144.400404 1673.36 1664.13
1528452144.408590 1672.4 1664.55
1528452144.416892 1672.34 1664.94
1528452144.425335 1668.55 1665.12
1528452144.433549 1669.05 1665.31
1528452144.441764 1666.13 1665.35
1528452144.450278 1661.98 1665.18
1528452144.458366 1662.16 1665.03
1528452144.466816 1658.15 1664.69
1528452144.475335 1656.7 1664.29
1528452144.483487 1653.49 1663.75
1528452144.491825 1651.12 1663.12
1528452144.500115 1651.14 1662.52
1528452144.508421 1644.99 1661.64
1528452144.516771 1643.76 1660.75
1528452144.525093 1639.37 1659.68
1528452144.533259 1637.23 1658.56
1528452144.541734 1634.87 1657.37
1528452144.549993 1629.77 1655.99
1528452144.558264 1625.67 1654.48
1528452144.566557 1620.8 1652.79
1528452144.574983 1618.74 1651.09
1528452144.583295 1616.09 1649.34
1528452144.591552 1612.82 1647.51
1528452144.600018 1607.38 1645.51
1528452144.608331 1603.65 1643.41
1528452144.616544 1602.12 1641.35
1528452144.624869 1594.08 1638.99
1528452144.633260 1590.89 1636.58
1528452144.641537 1586.67 1634.09
1528452144.650004 1580.71 1631.42
1528452144.658222 1577.74 1628.73
1528452144.666681 1572.08 1625.9
1528452144.675037 1567.71 1622.99
1528452144.683355 1564.24 1620.05
1528452144.691635 1559.55 1617.03
1528452144.699909 1553.46 1613.85
1528452144.708265 1548.01 1610.56
1528452144.716529 1542.64 1607.16
1528452144.724826 1537.57 1603.68
1528452144.733282 1532.58 1600.13
1528452144.741553 1527.28 1596.49
1528452144.749749 1520.54 1592.69
1528452144.758045 1515.26 1588.82
1528452144.766328 1508.03 1584.78
1528452144.774709 1504.53 1580.76
1528452144.783144 1497.17 1576.58
1528452144.791557 1492.77 1572.39
1528452144.799883 1485.59 1568.05
1528452144.808124 1479.55 1563.63
1528452144.816390 1473.73 1559.13
1528452144.824750 1470.02 1554.68
1528452144.833064 1460.81 1549.98
1528452144.841417 1455.04 1545.24
1528452144.849734 1447.68 1540.36
1528452144.858111 1443.43 1535.51
1528452144.866462 1436.16 1530.55
1528452144.874786 1429.15 1525.48
1528452144.882927 1423.15 1520.36
1528452144.891364 1416.89 1515.19
1528452144.899639 1412.28 1510.04
1528452144.908067 1403.08 1504.69
1528452144.916328 1397.35 1499.33
1528452144.924674 1388.76 1493.8
1528452144.932853 1386.56 1488.44
1528452144.941229 1378.6 1482.94
1528452144.949445 1369.6 1477.28
1528452144.957800 1364.29 1471.63
1528452144.966112 1355.44 1465.82
1528452144.974341 1350.84 1460.07
1528452144.983901 1345.06 1454.32
1528452144.991125 1337.69 1448.49
1528452144.999377 1331.56 1442.64
1528452145.007658 1322.93 1436.66
1528452145.016061 1316.17 1430.63
1528452145.024219 1309.33 1424.57
1528452145.032492 1301.1 1418.39
1528452145.040866 1296.93 1412.32
1528452145.049031 1288.79 1406.14
1528452145.057415 1279.3 1399.8
1528452145.065679 1273.61 1393.49
1528452145.074136 1266.7 1387.15
1528452145.082371 1260.23 1380.81
1528452145.090599 1252.22 1374.38
1528452145.098795 1245.97 1367.96
1528452145.107131 1238.48 1361.48
1528452145.115366 1231.73 1354.99
1528452145.123588 1222.07 1348.35
1528452145.131877 1216.84 1341.77
1528452145.140189 1209.75 1335.17
1528452145.148560 1201.2 1328.47
1528452145.156954 1195.11 1321.81
1528452145.165323 1187.2 1315.07
1528452145.173595 1178.34 1308.24
1528452145.181976 1171.92 1301.42
1528452145.190231 1162.56 1294.48
1528452145.198541 1160.78 1287.79
1528452145.206956 1150.49 1280.93
1528452145.215099 1144.34 1274.1
1528452145.223437 1136.57 1267.22
1528452145.231872 1128.52 1260.29
1528452145.240000 1120.93 1253.32
1528452145.248185 1114.33 1246.37
1528452145.256593 1109.05 1239.5
1528452145.264839 1100.3 1232.54
1528452145.273109 1093.6 1225.6
1528452145.281458 1087.47 1218.69
1528452145.289845 1081.23 1211.82
1528452145.298100 1073.59 1204.91
1528452145.306365 1069.24 1198.12
1528452145.314730 1061.88 1191.31
1528452145.323071 1054.73 1184.48
1528452145.331388 1047.18 1177.62
1528452145.339689 1042.27 1170.85
1528452145.347942 1036.75 1164.14
1528452145.356353 1029.96 1157.44
1528452145.364750 1022.13 1150.67
1528452145.373044 1014.86 1143.88
1528452145.381405 1009.61 1137.17
1528452145.389946 1004.28 1130.52
1528452145.397987 995.27 1123.76
1528452145.406227 990.9 1117.12
1528452145.414550 983.79 1110.45
1528452145.422755 976.91 1103.77
1528452145.430841 971.52 1097.16
1528452145.439165 965.18 1090.56
1528452145.447448 958.69 1083.97
1528452145.455712 954.15 1077.48
1528452145.463897 948.43 1071.02
1528452145.472144 944.39 1064.69
1528452145.480310 938.78 1058.4
1528452145.488437 933.44 1052.15
1528452145.496655 927.12 1045.9
1528452145.504934 920.99 1039.65
1528452145.513106 918.41 1033.59
1528452145.521337 913.47 1027.58
1528452145.529531 907.9 1021.6
1528452145.537849 901.69 1015.6
1528452145.546067 897.47 1009.7
1528452145.554409 892.4 1003.83
1528452145.562656 888.38 998.06
1528452145.570772 884.14 992.364
1528452145.579105 878.12 986.652
1528452145.587433 876.11 981.125
1528452145.595549 872.09 975.673
1528452145.603748 866.41 970.21
1528452145.611977 862.15 964.807
1528452145.620240 859.78 959.556
1528452145.628583 854.85 954.32
1528452145.636741 852.17 949.213
1528452145.644956 847.14 944.109
1528452145.653190 843.66 939.087
1528452145.661366 840.14 934.139
1528452145.669701 836.49 929.257
1528452145.677902 833.41 924.465
1528452145.686122 831.9 919.836
1528452145.694325 828.43 915.266
1528452145.702534 824.82 910.744
1528452145.710837 822.14 906.314
1528452145.719034 818.49 901.922
1528452145.727231 815.35 897.594
1528452145.735437 813.76 893.402
1528452145.743702 810.85 889.274
1528452145.751909 808.99 885.26
1528452145.760190 807.73 881.384
1528452145.768469 804.38 877.534
1528452145.776715 802.27 873.77
1528452145.785044 798.65 870.014
1528452145.793261 796.56 866.342
1528452145.801496 795.81 862.815
1528452145.809576 794.56 859.402
1528452145.817812 791.83 856.024
1528452145.826101 791.71 852.808
1528452145.834381 788.08 849.572
1528452145.842607 789.78 846.582
1528452145.850717 785.29 843.517
1528452145.858934 785.56 840.62
1528452145.867253 785.31 837.854
1528452145.875396 784.44 835.183
1528452145.883745 783.11 832.58
1528452145.891885 783.5 830.126
1528452145.900200 782.33 827.736
1528452145.908858 781.92 825.445
1528452145.916530 781.11 823.228
1528452145.924639 779.85 821.059
1528452145.933095 781.51 819.082
1528452145.941212 780.93 817.174
1528452145.949496 779.12 815.272
1528452145.957711 780.33 813.525
1528452145.965978 781.54 811.925
1528452145.974125 781.04 810.381
1528452145.982350 780.61 808.893
1528452145.990600 784.09 807.652
1528452145.998826 784.5 806.495
1528452146.007141 784.61 805.401
1528452146.015350 783.89 804.325
1528452146.023701 786.88 803.453
1528452146.031846 785.16 802.538
1528452146.040107 786.27 801.725
1528452146.048160 785.98 800.937
1528452146.056340 787.72 800.277
1528452146.064413 790.43 799.784
1528452146.072688 790.72 799.331
1528452146.080851 792.16 798.973
1528452146.088945 792.73 798.66
1528452146.097258 796.37 798.546
1528452146.105469 797.57 798.497
1528452146.113737 798.73 798.509
1528452146.121822 799.6 798.563
1528452146.130175 803.68 798.819
1528452146.138264 802.74 799.015
1528452146.146572 805.76 799.352
1528452146.154718 806.58 799.714
1528452146.162886 809.46 800.201
1528452146.171235 810.51 800.717
1528452146.179375 812.45 801.303
1528452146.187639 815.68 802.022
1528452146.195815 817.26 802.784
1528452146.204095 822.34 803.762
1528452146.212094 821.83 804.665
1528452146.220377 824.16 805.64
1528452146.228474 826.34 806.675
1528452146.236796 829.83 807.833
1528452146.244987 832.87 809.085
1528452146.253209 835.75 810.418
1528452146.261417 839.44 811.869
1528452146.269645 839.3 813.24
1528452146.277784 842.11 814.684
1528452146.286174 846.35 816.267
1528452146.294222 849.25 817.916
1528452146.302364 849.78 819.51
1528452146.310711 854.19 821.244
1528452146.319014 856.21 822.992
1528452146.327230 860.03 824.844
1528452146.335422 862.61 826.732
1528452146.343741 864.76 828.634
1528452146.351937 869.75 830.689
1528452146.360209 872.23 832.766
1528452146.368308 874.59 834.858
1528452146.376470 876.67 836.948
1528452146.384700 880.4 839.121
1528452146.392853 882.01 841.265
1528452146.401194 885.51 843.477
1528452146.409346 888.57 845.732
1528452146.417572 892.46 848.068
1528452146.425764 895.37 850.434
1528452146.433777 897.75 852.799
1528452146.442063 902.3 855.274
1528452146.450322 904.08 857.715
1528452146.458574 907.6 860.209
1528452146.466780 910.83 862.74
1528452146.475066 914.39 865.323
1528452146.483316 918.58 867.985
1528452146.491630 921.16 870.644
1528452146.499693 923.12 873.268
1528452146.507923 928.49 876.029
1528452146.516114 931.87 878.821
1528452146.524399 935.32 881.646
1528452146.532502 936.62 884.395
1528452146.540783 941.12 887.231
1528452146.548943 943.26 890.032
1528452146.557193 946.49 892.855
1528452146.565345 951.89 895.807
1528452146.573699 952.97 898.665
1528452146.581930 957.79 901.621
1528452146.590231 959.63 904.522
1528452146.598553 963.99 907.495
1528452146.606534 966.64 910.453
1528452146.614625 969.22 913.391
1528452146.622951 973.48 916.395
1528452146.631190 976.13 919.382
1528452146.639413 979.54 922.39
1528452146.647575 983.22 925.431
1528452146.655832 986.34 928.477
1528452146.664113 989.28 931.517
1528452146.672322 993.04 934.593
1528452146.680566 996.67 937.697
1528452146.688833 999.45 940.785
1528452146.697143 1003.22 943.906
1528452146.705402 1006.38 947.03
1528452146.713703 1009.13 950.135
1528452146.722045 1013.3 953.293
1528452146.730342 1016.29 956.443
1528452146.738578 1019.92 959.617
1528452146.746905 1022.99 962.786
1528452146.755168 1024.95 965.894
1528452146.763428 1027.98 968.998
1528452146.771668 1030.9 972.093
1528452146.780104 1035.56 975.267
1528452146.788289 1037.08 978.357
1528452146.796752 1039.63 981.421
1528452146.805056 1042.19 984.459
1528452146.813449 1046.26 987.549
1528452146.821714 1050.51 990.697
1528452146.830165 1055.02 993.914
1528452146.838479 1055.69 997.002
1528452146.846882 1061.6 1000.23
1528452146.855124 1064.45 1003.44
1528452146.863472 1065.9 1006.57
1528452146.871869 1068.68 1009.67
1528452146.880116 1071.3 1012.75
1528452146.888431 1073.96 1015.81
1528452146.896872 1077.03 1018.87
1528452146.905215 1080.43 1021.95
1528452146.913427 1084.46 1025.08
1528452146.921799 1088.35 1028.24
1528452146.930019 1089.19 1031.29
1528452146.938363 1091.97 1034.32
1528452146.946730 1096.23 1037.42
1528452146.955109 1096.79 1040.39
1528452146.963459 1100.32 1043.38
1528452146.971861 1102.11 1046.32
1528452146.980114 1104.55 1049.23
1528452146.988505 1105.77 1052.06
1528452146.996728 1110.78 1054.99
1528452147.005116 1112.93 1057.89
1528452147.013262 1115.33 1060.76
1528452147.021625 1118.63 1063.66
1528452147.029806 1120.32 1066.49
1528452147.038171 1121.86 1069.26
1528452147.046545 1127.23 1072.16
1528452147.054917 1127.2 1074.91
1528452147.063137 1129.88 1077.66
1528452147.071423 1131.94 1080.37
1528452147.079755 1134.54 1083.08
1528452147.088212 1137.56 1085.8
1528452147.096499 1139.46 1088.49
1528452147.104932 1142.12 1091.17
1528452147.113260 1143.4 1093.78
1528452147.121625 1146.64 1096.42
1528452147.129901 1148.16 1099.01
1528452147.138212 1150.51 1101.58
1528452147.146649 1152.69 1104.14
1528452147.154948 1154.76 1106.67
1528452147.163146 1156.4 1109.16
1528452147.171422 1158.38 1111.62
1528452147.179828 1160.27 1114.05
1528452147.188184 1163.84 1116.54
1528452147.196568 1163.37 1118.88
1528452147.204764 1166.15 1121.25
1528452147.213151 1167.81 1123.57
1528452147.221455 1171.5 1125.97
1528452147.229782 1171.99 1128.27
1528452147.238147 1174.32 1130.57
1528452147.246237 1176.65 1132.88
1528452147.254571 1177.69 1135.12
1528452147.262984 1178.87 1137.31
1528452147.271184 1181.13 1139.5
1528452147.279355 1182.87 1141.67
1528452147.287629 1183.26 1143.75
1528452147.295768 1186.1 1145.86
1528452147.304247 1187.37 1147.94
1528452147.312571 1188.9 1149.99
1528452147.320885 1190.76 1152.03
1528452147.329327 1191.17 1153.98
1528452147.337545 1193.95 1155.98
1528452147.345897 1194.91 1157.93
1528452147.354259 1197.21 1159.89
1528452147.362678 1199.29 1161.86
1528452147.371032 1197.95 1163.67
1528452147.379202 1201.07 1165.54
1528452147.387570 1200.83 1167.3
1528452147.395775 1202.88 1169.08
1528452147.404189 1205.8 1170.92
1528452147.412440 1204.33 1172.59
1528452147.420734 1205.49 1174.23
1528452147.429079 1208.8 1175.96
1528452147.437487 1209.39 1177.63
1528452147.445654 1210.3 1179.26
1528452147.454018 1212.04 1180.9
1528452147.462283 1211.84 1182.45
1528452147.470569 1213.81 1184.02
1528452147.478831 1213.19 1185.48
1528452147.487076 1214.77 1186.94
1528452147.495393 1217.08 1188.45
1528452147.503717 1217.9 1189.92
1528452147.512057 1218.86 1191.37
1528452147.520375 1219.67 1192.78
1528452147.528686 1219.79 1194.13
1528452147.537091 1221.44 1195.5
1528452147.545481 1221.39 1196.79
1528452147.553651 1221.16 1198.01
1528452147.562096 1222.14 1199.22
1528452147.570451 1223.4 1200.43
1528452147.578759 1223.17 1201.56
1528452147.587058 1223.04 1202.64
1528452147.595272 1224.94 1203.75
1528452147.603496 1226.82 1204.91
1528452147.611767 1225.93 1205.96
1528452147.620133 1226.09 1206.96
1528452147.628398 1225.77 1207.9
1528452147.636809 1227.01 1208.86
1528452147.645159 1226.53 1209.74
1528452147.653459 1227.24 1210.62
1528452147.661882 1228.52 1211.51
1528452147.670194 1229.17 1212.4
1528452147.678420 1228.15 1213.18
1528452147.686708 1229.33 1213.99
1528452147.695004 1228.16 1214.7
1528452147.703320 1230.44 1215.49
1528452147.711777 1228.02 1216.11
1528452147.719931 1229.4 1216.78
1528452147.728248 1228.83 1217.38
1528452147.736507 1230.77 1218.05
1528452147.744916 1229.59 1218.63
1528452147.753031 1229.48 1219.17
1528452147.761423 1229.2 1219.67
1528452147.769616 1228.48 1220.11
1528452147.777883 1229.37 1220.57
1528452147.786330 1229.68 1221.03
1528452147.794634 1230.62 1221.51
1528452147.802948 1229.86 1221.93
1528452147.811243 1227.06 1222.18
1528452147.819623 1228.41 1222.49
1528452147.828045 1227.29 1222.73
1528452147.836413 1228.13 1223
1528452147.844563 1227.97 1223.25
1528452147.852841 1227.09 1223.44
1528452147.861272 1229.37 1223.74
1528452147.869573 1226.18 1223.86
1528452147.877827 1226.45 1223.99
1528452147.886241 1226.16 1224.1
1528452147.894539 1227.12 1224.25
1528452147.902951 1226.09 1224.34
1528452147.911324 1224.57 1224.35
1528452147.919692 1224.56 1224.36
1528452147.928069 1224.93 1224.39
1528452147.936174 1223.96 1224.37
1528452147.944510 1222.09 1224.26
1528452147.952839 1221.72 1224.13
1528452147.960964 1220.25 1223.94
1528452147.969400 1219.61 1223.72
1528452147.977725 1220.77 1223.57
1528452147.985990 1219.16 1223.35
1528452147.994200 1219.47 1223.16
1528452148.002445 1216.52 1222.83
1528452148.010614 1215.38 1222.45
1528452148.018919 1216.54 1222.16
1528452148.027138 1215.31 1221.82
1528452148.035514 1212.47 1221.35
1528452148.043919 1213.71 1220.97
1528452148.052153 1210.94 1220.47
1528452148.060550 1211.67 1220.03
1528452148.068897 1210.22 1219.54
1528452148.077210 1210.35 1219.08
1528452148.085472 1207.56 1218.5
1528452148.093791 1207.61 1217.96
1528452148.102119 1205.24 1217.32
1528452148.110493 1203.91 1216.65
1528452148.118818 1202.73 1215.95
1528452148.127118 1202.06 1215.26
1528452148.135333 1200.56 1214.52
1528452148.143750 1200.69 1213.83
1528452148.151958 1198.55 1213.07
1528452148.160218 1198.23 1212.33
1528452148.168625 1194.02 1211.41
1528452148.177107 1194.29 1210.55
1528452148.185283 1192.38 1209.65
1528452148.193557 1191.16 1208.72
1528452148.201765 1191.17 1207.84
1528452148.210179 1187.77 1206.84
1528452148.218299 1186.13 1205.8
1528452148.226728 1186.89 1204.86
1528452148.235128 1185.45 1203.89
1528452148.243375 1183.65 1202.88
1528452148.251752 1179.76 1201.72
1528452148.260058 1180.31 1200.65
1528452148.268294 1177.35 1199.49
1528452148.276766 1175.25 1198.27
1528452148.284901 1174.73 1197.1
1528452148.293283 1173.22 1195.9
1528452148.301593 1169.77 1194.6
1528452148.309907 1168.74 1193.3
1528452148.318065 1168.39 1192.06
1528452148.326518 1164.93 1190.7
1528452148.334770 1162.88 1189.31
1528452148.343115 1161.82 1187.94
1528452148.351328 1158.3 1186.45
1528452148.359746 1158.36 1185.05
1528452148.368212 1155.88 1183.59
1528452148.376396 1153.22 1182.07
1528452148.384823 1150.73 1180.5
1528452148.393115 1150.43 1179
1528452148.401461 1149.43 1177.52
1528452148.409744 1146.82 1175.99
1528452148.418145 1143.36 1174.36
1528452148.426609 1141.88 1172.73
1528452148.434841 1140.02 1171.1
1528452148.443175 1137.2 1169.4
1528452148.451358 1133.9 1167.63
1528452148.459742 1132.99 1165.89
1528452148.468271 1130.72 1164.14
1528452148.476432 1127.25 1162.29
1528452148.484783 1125.6 1160.46
1528452148.493029 1124.19 1158.64
1528452148.501383 1122.69 1156.85
1528452148.509619 1118.59 1154.93
1528452148.517977 1115.97 1152.99
1528452148.526216 1112.22 1150.95
1528452148.534641 1113 1149.05
1528452148.542976 1109.62 1147.08
1528452148.551350 1106.25 1145.04
1528452148.559584 1103.55 1142.96
1528452148.567997 1102.84 1140.96
1528452148.576154 1100.69 1138.94
1528452148.585130 1097.69 1136.88
1528452148.592886 1097.02 1134.89
1528452148.601326 1093.86 1132.84
1528452148.609743 1089.61 1130.67
1528452148.617825 1086.04 1128.44
1528452148.626133 1084.59 1126.25
1528452148.634384 1081.81 1124.03
1528452148.642721 1079.5 1121.8
1528452148.651094 1076.6 1119.54
1528452148.659239 1073.3 1117.23
1528452148.667478 1071.37 1114.94
1528452148.675870 1066.81 1112.53
1528452148.684180 1065.99 1110.2
1528452148.692464 1060.17 1107.7
1528452148.700729 1059.39 1105.29
1528452148.708961 1054.98 1102.77
1528452148.717300 1053.16 1100.29
1528452148.725607 1049.71 1097.76
1528452148.734092 1049.75 1095.36
1528452148.742077 1044.28 1092.81
1528452148.750548 1042.38 1090.29
1528452148.758898 1038.03 1087.67
1528452148.767070 1038.13 1085.2
1528452148.775389 1032.68 1082.57
1528452148.783760 1030.98 1079.99
1528452148.792102 1026.66 1077.32
1528452148.800494 1025.42 1074.73
1528452148.808801 1019.88 1071.99
1528452148.817170 1017.79 1069.28
1528452148.825472 1014.78 1066.55
1528452148.833766 1010.37 1063.74
1528452148.842173 1007.22 1060.92
1528452148.850463 1004.75 1058.11
1528452148.858710 1001.2 1055.26
1528452148.867022 998.28 1052.41
1528452148.875175 992.22 1049.4
1528452148.883467 991.5 1046.51
1528452148.891716 988.07 1043.59
1528452148.899843 985.66 1040.69
1528452148.908099 982.07 1037.76
1528452148.916406 978.52 1034.8
1528452148.924538 974.62 1031.79
1528452148.932802 972.31 1028.81
1528452148.940918 969.41 1025.84
1528452148.949084 965.3 1022.82
1528452148.957339 960.77 1019.71
1528452148.965747 958.61 1016.66
1528452148.974013 956.29 1013.64
1528452148.982171 952.87 1010.6
1528452148.990526 947.57 1007.45
1528452148.998730 945.25 1004.34
1528452149.006986 941.58 1001.2
1528452149.015200 937.15 998
1528452149.023358 933.56 994.778
1528452149.031570 931.7 991.624
1528452149.039710 927.7 988.428
1528452149.047883 921.67 985.09
1528452149.056277 921.45 981.908
1528452149.064462 918.17 978.721
1528452149.072594 913.82 975.476
1528452149.080838 909.62 972.183
1528452149.089182 907.72 968.96
1528452149.097391 903.74 965.699
1528452149.105702 901.26 962.477
1528452149.114020 897.28 959.217
1528452149.122216 894.26 955.969
1528452149.130482 890.17 952.679
1528452149.138717 886.61 949.376
1528452149.146745 882.26 946.02
1528452149.154879 881.94 942.816
1528452149.163147 878.3 939.59
1528452149.171395 874.47 936.334
1528452149.179746 870.26 933.031
1528452149.187957 867.06 929.732
1528452149.196257 864.55 926.473
1528452149.204464 861.86 923.242
1528452149.212559 856.86 919.923
1528452149.220687 853.59 916.607
1528452149.228990 850.29 913.291
1528452149.237057 848.25 910.039
1528452149.245093 844.64 906.769
1528452149.253294 840.69 903.465
1528452149.262529 837.5 900.167
1528452149.269608 835.13 896.915
1528452149.279124 832.84 893.711
1528452149.286407 830.38 890.544
1528452149.294236 827.59 887.397
1528452149.302420 824.27 884.24
1528452149.310633 822.25 881.141
1528452149.318927 818.74 878.021
1528452149.327043 815.41 874.89
1528452149.336679 812.37 871.764
1528452149.343556 810.14 868.683
1528452149.351702 807.04 865.601
1528452149.359925 804.81 862.561
1528452149.368178 800.99 859.483
