1528451850.074037 42.18 41.6738
1528451850.082157 41.22 41.6511
1528451850.090256 43.5 41.7436
1528451850.098235 40.36 41.6744
1528451850.106217 40.59 41.6202
1528451850.114354 40.15 41.5467
1528451850.122348 40.01 41.4698
1528451850.130607 43.24 41.5584
1528451850.138515 42.47 41.6039
1528451850.146588 40.59 41.5532
1528451850.154809 42.05 41.5781
1528451850.162945 40.43 41.5207
1528451850.170940 41.25 41.5071
1528451850.179035 40.91 41.4773
1528451850.187175 40.73 41.4399
1528451850.195213 41.29 41.4324
1528451850.203358 42.07 41.4643
1528451850.211516 41.67 41.4746
1528451850.219513 40.01 41.4014
1528451850.227611 40.3 41.3463
1528451850.235860 39.63 41.2605
1528451850.243876 41.87 41.2909
1528451850.252021 41.64 41.3084
1528451850.260130 42.96 41.391
1528451850.268404 40.36 41.3394
1528451850.276394 40.76 41.3105
1528451850.284581 42.27 41.3584
1528451850.292684 40.25 41.303
1528451850.300846 43.35 41.4054
1528451850.308909 40.64 41.3671
1528451850.316888 40.4 41.3187
1528451850.325054 40.06 41.2558
1528451850.333009 40.98 41.242
1528451850.341263 42.03 41.2814
1528451850.349279 39.62 41.1983
1528451850.357689 39.83 41.1299
1528451850.365712 40.68 41.1074
1528451850.373872 42.01 41.1526
1528451850.381880 41.83 41.1864
1528451850.389932 40.68 41.1611
1528451850.398118 40.91 41.1486
1528451850.406216 41.5 41.1661
1528451850.414221 39.34 41.0748
1528451850.422502 41.17 41.0796
1528451850.430569 42.69 41.1601
1528451850.438526 39.48 41.0761
1528451850.446731 41.77 41.1108
1528451850.454902 40.64 41.0873
1528451850.462873 41.25 41.0954
1528451850.470845 39.6 41.0206
1528451850.478853 40.36 40.9876
1528451850.486953 41.05 40.9907
1528451850.495137 41.3 41.0062
1528451850.503040 40.15 40.9634
1528451850.511161 41.66 40.9982
1528451850.519375 43.11 41.1038
1528451850.527456 41.18 41.1076
1528451850.535497 40.47 41.0757
1528451850.543578 40.68 41.0559
1528451850.551612 41.1 41.0581
1528451850.559621 40.58 41.0342
1528451850.567744 40.76 41.0205
1528451850.575882 41.13 41.026
1528451850.584172 42.6 41.1047
1528451850.592185 41.04 41.1015
1528451850.600116 39.95 41.0439
1528451850.608156 41.36 41.0597
1528451850.616118 43.06 41.1597
1528451850.624730 41.52 41.1777
1528451850.632215 41.79 41.2083
1528451850.640405 40.92 41.1939
1528451850.648532 40.58 41.1632
1528451850.656674 42.75 41.2426
1528451850.664835 42.3 41.2954
1528451850.672914 39.31 41.1962
1528451850.681011 40.46 41.1594
1528451850.689041 41.26 41.1644
1528451850.697303 40.97 41.1547
1528451850.705305 39.41 41.0674
1528451850.713678 41.56 41.0921
1528451850.721400 40.43 41.059
1528451850.729526 43.15 41.1635
1528451850.737546 41.46 41.1783
1528451850.745639 42 41.2194
1528451850.753683 40.51 41.1839
1528451850.761854 40.97 41.1732
1528451850.769995 41.12 41.1706
1528451850.778129 39.62 41.0931
1528451850.786108 41.65 41.1209
1528451850.794146 41.21 41.1254
1528451850.802292 41.11 41.1246
1528451850.810290 41.66 41.1514
1528451850.818378 41.74 41.1808
1528451850.826517 40.44 41.1438
1528451850.834596 41.78 41.1756
1528451850.842740 40.62 41.1478
1528451850.850785 42.26 41.2034
1528451850.858944 41.78 41.2322
1528451850.867053 41.83 41.2621
1528451850.875115 41.98 41.298
1528451850.883282 42.54 41.3601
1528451850.891444 40.81 41.3326
1528451850.899510 43.03 41.4175
1528451850.907739 42.21 41.4571
1528451850.915830 41.62 41.4652
1528451850.923754 41.38 41.461
1528451850.931923 42.55 41.5154
1528451850.940062 42.18 41.5487
1528451850.948215 41.47 41.5447
1528451850.956292 42.21 41.578
1528451850.964422 42.36 41.6171
1528451850.972501 42.65 41.6687
1528451850.980742 42.11 41.6908
1528451850.988772 41.26 41.6693
1528451850.996771 41.71 41.6713
1528451851.004895 42.19 41.6972
1528451851.013098 42.23 41.7239
1528451851.021139 39.26 41.6007
1528451851.029344 41.5 41.5956
1528451851.037488 42 41.6159
1528451851.045511 41.85 41.6276
1528451851.053544 41.43 41.6177
1528451851.061563 40.69 41.5713
1528451851.069671 41.93 41.5892
1528451851.077804 41.98 41.6088
1528451851.085964 40.49 41.5528
1528451851.093963 42.7 41.6102
1528451851.102130 40.9 41.5747
1528451851.110194 42.33 41.6125
1528451851.118253 43.06 41.6848
1528451851.126314 43.19 41.7601
1528451851.134295 42.09 41.7766
1528451851.142344 40.42 41.7088
1528451851.150503 42.06 41.7263
1528451851.158592 41.65 41.7225
1528451851.166568 42.59 41.7659
1528451851.174554 42.39 41.7971
1528451851.182769 42 41.8072
1528451851.190872 41.82 41.8079
1528451851.199104 40.68 41.7515
1528451851.207192 40.69 41.6984
1528451851.215223 43.07 41.767
1528451851.223370 42.65 41.8111
1528451851.231427 41.55 41.7981
1528451851.239527 43.01 41.8587
1528451851.247680 43.07 41.9192
1528451851.255836 41.17 41.8818
1528451851.263935 42.19 41.8972
1528451851.271886 42.47 41.9258
1528451851.280057 43.03 41.981
1528451851.288122 42.33 41.9985
1528451851.296141 42.88 42.0426
1528451851.304204 42.81 42.0809
1528451851.312286 40.05 41.9794
1528451851.320282 42.07 41.9839
1528451851.328209 43.83 42.0762
1528451851.336315 40.95 42.0199
1528451851.344502 43.37 42.0874
1528451851.352648 41.53 42.0595
1528451851.360774 41.99 42.0561
1528451851.368718 41.58 42.0323
1528451851.376925 43.36 42.0986
1528451851.385018 41.74 42.0807
1528451851.393094 42 42.0767
1528451851.401112 42.64 42.1048
1528451851.409308 41.23 42.0611
1528451851.417479 42.83 42.0995
1528451851.425469 42.68 42.1286
1528451851.433493 41.38 42.0911
1528451851.441747 41.94 42.0836
1528451851.449805 42.35 42.0969
1528451851.457905 44.19 42.2016
1528451851.465897 42.35 42.209
1528451851.473973 41.58 42.1775
1528451851.482021 42.44 42.1907
1528451851.490188 41.81 42.1716
1528451851.498310 41.6 42.143
1528451851.506411 41.87 42.1294
1528451851.514484 43.72 42.2089
1528451851.522481 41.73 42.185
1528451851.530478 41.77 42.1642
1528451851.538516 42.76 42.194
1528451851.546620 40.04 42.0863
1528451851.554813 42.39 42.1015
1528451851.562739 41.81 42.0869
1528451851.570775 42.75 42.1201
1528451851.578917 42.59 42.1436
1528451851.587067 40.5 42.0614
1528451851.595210 41.45 42.0308
1528451851.603234 41.14 41.9863
1528451851.611388 42.4 42.007
1528451851.619542 41.64 41.9886
1528451851.627703 42.3 42.0042
1528451851.635794 40.81 41.9445
1528451851.643833 41.36 41.9153
1528451851.651923 41.56 41.8975
1528451851.660002 41.72 41.8886
1528451851.668055 41.25 41.8567
1528451851.676166 41.95 41.8614
1528451851.684280 39.83 41.7598
1528451851.692549 42.71 41.8073
1528451851.700456 41.34 41.7839
1528451851.708570 41.55 41.7722
1528451851.716789 41.35 41.7511
1528451851.724819 41.3 41.7286
1528451851.732970 41.58 41.7211
1528451851.740987 39.94 41.6321
1528451851.749129 41.39 41.62
1528451851.757228 40.9 41.584
1528451851.765360 40.22 41.5158
1528451851.773488 41.51 41.5155
1528451851.781613 43.03 41.5912
1528451851.789761 41.66 41.5947
1528451851.797783 41.85 41.6074
1528451851.805912 42.43 41.6486
1528451851.814020 40.69 41.6006
1528451851.822054 42.09 41.6251
1528451851.830205 38.99 41.4933
1528451851.838469 42.33 41.5352
1528451851.846401 41.71 41.5439
1528451851.854539 41.57 41.5452
1528451851.862680 40.85 41.5105
1528451851.870818 41.65 41.5174
1528451851.879010 40.56 41.4696
1528451851.886975 41.02 41.4471
1528451851.895013 41.75 41.4622
1528451851.903199 42.23 41.5006
1528451851.911156 43.29 41.5901
1528451851.919418 40.63 41.5421
1528451851.927313 40.71 41.5005
1528451851.935473 41.08 41.4795
1528451851.943518 41.72 41.4915
1528451851.951483 40.55 41.4444
1528451851.959692 40.26 41.3852
1528451851.967767 39.4 41.2859
1528451851.975910 40.99 41.2711
1528451851.984109 40.62 41.2386
1528451851.992338 41.26 41.2396
1528451852.000345 43.28 41.3417
1528451852.008330 40.93 41.3211
1528451852.016458 40.76 41.293
1528451852.024642 42.05 41.3309
1528451852.032724 40.34 41.2813
1528451852.040908 41.34 41.2843
1528451852.048860 41.54 41.2971
1528451852.057095 41.87 41.3257
1528451852.065159 40.37 41.2779
1528451852.073189 41.79 41.3035
1528451852.081350 40.72 41.2743
1528451852.089445 41.29 41.2751
1528451852.097524 40.37 41.2299
1528451852.105648 41.71 41.2539
1528451852.113617 40.99 41.2407
1528451852.121700 40.76 41.2166
1528451852.129872 40.23 41.1673
1528451852.137805 40.69 41.1434
1528451852.146001 42.61 41.2168
1528451852.154097 41.04 41.2079
1528451852.162170 40.48 41.1715
1528451852.170311 40.76 41.151
1528451852.178463 41.12 41.1494
1528451852.186522 41.92 41.1879
1528451852.194655 41.51 41.204
1528451852.202791 40.92 41.1898
1528451852.211011 42.27 41.2439
1528451852.218956 43.14 41.3387
1528451852.227053 41.95 41.3692
1528451852.235086 40.51 41.3263
1528451852.243210 42.25 41.3725
1528451852.251285 42 41.4038
1528451852.259528 39.99 41.3331
1528451852.267454 39.79 41.256
1528451852.275523 40.62 41.2242
1528451852.283689 42 41.263
1528451852.291753 41.79 41.2893
1528451852.299814 40.99 41.2744
1528451852.307930 40.68 41.2446
1528451852.316064 40.33 41.1989
1528451852.324209 41.16 41.197
1528451852.332286 40.67 41.1706
1528451852.340416 42.54 41.2391
1528451852.348380 40.44 41.1991
1528451852.356480 40.11 41.1447
1528451852.364697 41.94 41.1844
1528451852.372876 39.91 41.1207
1528451852.380936 40.25 41.0772
1528451852.389172 40.69 41.0578
1528451852.397200 41.44 41.0769
1528451852.405388 42.31 41.1386
1528451852.413296 41.26 41.1447
1528451852.421500 42.41 41.2079
1528451852.429529 42.32 41.2635
1528451852.437549 39.78 41.1894
1528451852.445520 40.79 41.1694
1528451852.453699 41.95 41.2084
1528451852.461872 40.78 41.187
1528451852.469959 42.75 41.2651
1528451852.478092 41.1 41.2569
1528451852.486030 41.04 41.246
1528451852.493983 41.12 41.2397
1528451852.502277 41.72 41.2638
1528451852.510350 41.05 41.2531
1528451852.518275 41.63 41.2719
1528451852.526450 39.9 41.2033
1528451852.534476 43.01 41.2937
1528451852.542432 42.61 41.3595
1528451852.550372 39.73 41.278
1528451852.558528 41.25 41.2766
1528451852.566499 42.39 41.3323
1528451852.574662 41.27 41.3292
1528451852.582994 40.76 41.3007
1528451852.590955 41.49 41.3102
1528451852.599107 40.65 41.2772
1528451852.607157 41.06 41.2663
1528451852.615323 40.51 41.2285
1528451852.623471 42.31 41.2826
1528451852.631641 41.54 41.2954
1528451852.639588 41.85 41.3232
1528451852.647712 43.14 41.414
1528451852.655884 40.75 41.3808
1528451852.663995 41.42 41.3828
1528451852.672105 42 41.4136
1528451852.680271 42.21 41.4534
1528451852.688444 40.92 41.4268
1528451852.696587 40.61 41.3859
1528451852.704668 40.16 41.3246
1528451852.712778 41.48 41.3324
1528451852.720925 42.89 41.4103
1528451852.729087 41.98 41.4388
1528451852.737224 42.03 41.4683
1528451852.745268 40.69 41.4294
1528451852.753502 41.05 41.4104
1528451852.761528 42.82 41.4809
1528451852.769491 41.02 41.4579
1528451852.777619 41.32 41.451
1528451852.785719 42 41.4784
1528451852.793834 41.62 41.4855
1528451852.802005 43.39 41.5807
1528451852.810075 41.69 41.5862
1528451852.818190 40.51 41.5324
1528451852.826271 40.9 41.5008
1528451852.834460 42.07 41.5292
1528451852.842513 41.14 41.5098
1528451852.850654 42.32 41.5503
1528451852.858795 41.37 41.5413
1528451852.867011 42.47 41.5877
1528451852.875093 43.27 41.6718
1528451852.883167 43.49 41.7627
1528451852.891251 43.44 41.8466
1528451852.899379 41.55 41.8318
1528451852.907367 42.12 41.8462
1528451852.915543 42.31 41.8694
1528451852.923546 40.8 41.8159
1528451852.931553 43.01 41.8756
1528451852.939548 41.23 41.8433
1528451852.947668 42.57 41.8797
1528451852.955822 42.29 41.9002
1528451852.963977 41.41 41.8757
1528451852.971888 41.85 41.8744
1528451852.980086 41.48 41.8547
1528451852.988143 42.93 41.9084
1528451852.996325 42.39 41.9325
1528451853.004487 40.92 41.8819
1528451853.012650 42.41 41.9083
1528451853.020788 44.32 42.0289
1528451853.028840 42.84 42.0694
1528451853.037047 40.37 41.9845
1528451853.045097 40.47 41.9087
1528451853.053195 43.09 41.9678
1528451853.061256 40.42 41.8904
1528451853.069213 42.09 41.9004
1528451853.077352 41.93 41.9019
1528451853.085354 42.04 41.9088
1528451853.093472 42.55 41.9408
1528451853.101652 42.67 41.9773
1528451853.109735 43.33 42.0449
1528451853.117566 43.47 42.1162
1528451853.125791 41.3 42.0754
1528451853.133741 40.91 42.0171
1528451853.141903 43.48 42.0903
1528451853.150060 42.98 42.1347
1528451853.158125 42.99 42.1775
1528451853.166158 41.76 42.1566
1528451853.174271 43.03 42.2003
1528451853.182451 42.22 42.2013
1528451853.190505 41.51 42.1667
1528451853.198561 42.04 42.1604
1528451853.206611 42.43 42.1739
1528451853.214767 43.03 42.2167
1528451853.222878 41.04 42.1578
1528451853.231049 41.96 42.1479
1528451853.239242 43.21 42.201
1528451853.247300 42.53 42.2175
1528451853.255442 41.16 42.1646
1528451853.263436 40.32 42.0724
1528451853.271564 43.01 42.1193
1528451853.279706 41.93 42.1098
1528451853.287620 40.45 42.0268
1528451853.295671 40.59 41.955
1528451853.303857 40.89 41.9017
1528451853.311837 44.02 42.0076
1528451853.319827 41.53 41.9838
1528451853.328004 39.54 41.8616
1528451853.335975 41.65 41.851
1528451853.344083 41.47 41.8319
1528451853.352104 43.19 41.8998
1528451853.360262 41.01 41.8554
1528451853.368343 41.84 41.8546
1528451853.376498 43.49 41.9364
1528451853.384597 41.6 41.9195
1528451853.392763 43 41.9736
1528451853.400878 41.72 41.9609
1528451853.409037 40.57 41.8913
1528451853.416975 41.59 41.8763
1528451853.425186 42.08 41.8865
1528451853.433139 42.3 41.9071
1528451853.441249 42.04 41.9138
1528451853.449261 42.51 41.9436
1528451853.457408 41.63 41.9279
1528451853.465475 41.28 41.8955
1528451853.473655 41.94 41.8977
1528451853.481831 42.29 41.9174
1528451853.489880 41.85 41.914
1528451853.497940 41.52 41.8943
1528451853.506135 41.1 41.8546
1528451853.514161 41.81 41.8523
1528451853.522175 41.26 41.8227
1528451853.530287 42.31 41.8471
1528451853.538401 42.2 41.8647
1528451853.546643 41.23 41.833
1528451853.554663 40.52 41.7673
1528451853.562801 40.91 41.7245
1528451853.570865 40.62 41.6693
1528451853.578917 42.25 41.6983
1528451853.587158 40.44 41.6354
1528451853.595284 42.26 41.6666
1528451853.603462 41.71 41.6688
1528451853.611627 41.89 41.6798
1528451853.619609 42.01 41.6963
1528451853.627720 41.39 41.681
1528451853.635844 40.69 41.6315
1528451853.644038 42.27 41.6634
1528451853.652156 41.32 41.6462
1528451853.660360 40.36 41.5819
1528451853.668425 41.64 41.5848
1528451853.676412 42.3 41.6206
1528451853.684478 41.32 41.6056
1528451853.692544 40.74 41.5623
1528451853.700683 41.02 41.5352
1528451853.708775 41.18 41.5174
1528451853.716943 41.25 41.504
1528451853.725125 40.73 41.4653
1528451853.733123 44.11 41.5976
1528451853.741233 40.48 41.5417
1528451853.749236 42.24 41.5766
1528451853.757377 41.3 41.5628
1528451853.765556 40.84 41.5266
1528451853.773579 41.27 41.5138
1528451853.781717 42.32 41.5541
1528451853.789789 40.9 41.5214
1528451853.797863 41.25 41.5078
1528451853.806001 41.11 41.4879
1528451853.814156 42.48 41.5375
1528451853.822200 40.76 41.4987
1528451853.830326 39.55 41.4012
1528451853.838499 40.18 41.3402
1528451853.846509 42.01 41.3737
1528451853.854682 42.01 41.4055
1528451853.862790 40.21 41.3457
1528451853.870914 41.06 41.3314
1528451853.879091 40.52 41.2909
1528451853.887216 41.23 41.2878
1528451853.895338 41.5 41.2984
1528451853.903466 38.36 41.1515
1528451853.911573 40.91 41.1394
1528451853.919588 40.38 41.1015
1528451853.927632 40.26 41.0594
1528451853.935695 40.6 41.0364
1528451853.943762 40.82 41.0256
1528451853.951753 41.65 41.0568
1528451853.959908 41.49 41.0785
1528451853.968114 40.09 41.029
1528451853.976120 42.32 41.0936
1528451853.984169 40.98 41.0879
1528451853.992272 40.9 41.0785
1528451854.000387 40.47 41.0481
1528451854.008564 41.19 41.0552
1528451854.016702 41.67 41.0859
1528451854.024742 41.12 41.0876
1528451854.032695 41.16 41.0913
1528451854.040697 41.51 41.1122
1528451854.048763 40.72 41.0926
1528451854.056925 41.68 41.1219
1528451854.065020 40.97 41.1144
1528451854.073194 41.78 41.1476
1528451854.081245 40.49 41.1148
1528451854.089386 40.56 41.087
1528451854.097439 40.74 41.0697
1528451854.105550 42.12 41.1222
1528451854.113733 41.04 41.1181
1528451854.121797 42.12 41.1682
1528451854.129903 40.32 41.1258
1528451854.138053 40.89 41.114
1528451854.146191 39.49 41.0328
1528451854.154356 39.94 40.9781
1528451854.162414 40.27 40.9427
1528451854.170574 41.66 40.9786
1528451854.178652 41.57 41.0082
1528451854.186671 40.48 40.9818
1528451854.194631 41.43 41.0042
1528451854.202865 39.69 40.9385
1528451854.210994 42.4 41.0115
1528451854.219090 40.77 40.9995
1528451854.227346 40.61 40.98
1528451854.235256 41.95 41.0285
1528451854.243280 40.06 40.9801
1528451854.251634 40.69 40.9656
1528451854.259610 40.47 40.9408
1528451854.267788 43.8 41.0837
1528451854.275774 41.29 41.0941
1528451854.283897 38.67 40.9729
1528451854.292044 40.77 40.9627
1528451854.300156 42.25 41.0271
1528451854.308162 41.36 41.0437
1528451854.316278 41.77 41.08
1528451854.324394 41.48 41.1
1528451854.332404 39.98 41.044
1528451854.340454 41.94 41.0888
1528451854.348487 41.73 41.1209
1528451854.356596 41.12 41.1208
1528451854.364742 40.29 41.0793
1528451854.372887 42.73 41.1618
1528451854.380877 40.11 41.1092
1528451854.388956 42.22 41.1648
1528451854.397168 40.9 41.1515
1528451854.405289 40.59 41.1235
1528451854.413453 43.71 41.2528
1528451854.421345 41.51 41.2657
1528451854.429536 42.7 41.3374
1528451854.437582 40.92 41.3165
1528451854.445712 41.32 41.3167
1528451854.453906 42.53 41.3773
1528451854.462108 42.08 41.4125
1528451854.470057 40.66 41.3749
1528451854.478199 42.02 41.4071
1528451854.486297 42.5 41.4618
1528451854.494429 40.73 41.4252
1528451854.502473 40.69 41.3884
1528451854.510716 42.83 41.4605
1528451854.518622 42.07 41.491
1528451854.526713 40.75 41.4539
1528451854.534941 41.51 41.4567
1528451854.542898 42.49 41.5084
1528451854.551077 41.85 41.5255
1528451854.559129 42.03 41.5507
1528451854.567259 42.24 41.5852
1528451854.575334 42.43 41.6274
1528451854.583234 41.54 41.623
1528451854.591444 42.81 41.6824
1528451854.599536 40.48 41.6223
1528451854.607710 42.42 41.6621
1528451854.615889 40.65 41.6115
1528451854.623998 40.8 41.571
1528451854.631971 42.92 41.6384
1528451854.640152 41.39 41.626
1528451854.648236 40.59 41.5742
1528451854.656177 41.58 41.5745
1528451854.664263 41.97 41.5943
1528451854.672346 41.85 41.607
1528451854.680389 43.08 41.6807
1528451854.688460 41.1 41.6517
1528451854.696584 42.28 41.6831
1528451854.704770 42.23 41.7104
1528451854.712817 41.51 41.7004
1528451854.720817 43.66 41.7984
1528451854.729004 42.64 41.8405
1528451854.737020 40.59 41.7779
1528451854.745085 42.39 41.8085
1528451854.753281 43.36 41.8861
1528451854.761226 41.38 41.8608
1528451854.769441 42.83 41.9093
1528451854.777395 42.46 41.9368
1528451854.785521 41.16 41.898
1528451854.793635 43.11 41.9586
1528451854.801750 41.75 41.9481
1528451854.809892 42.39 41.9702
1528451854.818063 40.57 41.9002
1528451854.826198 41.79 41.8947
1528451854.834284 41.48 41.874
1528451854.842294 41.82 41.8713
1528451854.850398 44.27 41.9912
1528451854.858622 42.45 42.0142
1528451854.866482 43.07 42.0669
1528451854.874689 41.5 42.0386
1528451854.882799 41.11 41.9922
1528451854.890800 41.64 41.9746
1528451854.898848 42.46 41.9988
1528451854.907000 42.15 42.0064
1528451854.914973 42.07 42.0096
1528451854.923127 41.54 41.9861
1528451854.931251 41.87 41.9803
1528451854.939320 42.46 42.0043
1528451854.947441 42.89 42.0486
1528451854.955445 41.5 42.0211
1528451854.963691 41.82 42.0111
1528451854.971770 42.85 42.053
1528451854.979934 42.09 42.0549
1528451854.988001 42.61 42.0826
1528451854.995995 42.39 42.098
1528451855.004053 42.95 42.1406
1528451855.012251 43.02 42.1846
1528451855.020401 41.14 42.1323
1528451855.028512 40.82 42.0667
1528451855.036594 42.52 42.0894
1528451855.044590 42.25 42.0974
1528451855.052782 41.62 42.0735
1528451855.060920 42.23 42.0814
1528451855.069063 41.97 42.0758
1528451855.077142 41.3 42.037
1528451855.085233 41.23 41.9967
1528451855.093383 43.92 42.0928
1528451855.101491 41.97 42.0867
1528451855.109606 42.19 42.0918
1528451855.117576 42.44 42.1093
1528451855.125629 42.06 42.1068
1528451855.133717 41.25 42.064
1528451855.141704 41.18 42.0198
1528451855.149811 42.38 42.0378
1528451855.157870 41.47 42.0094
1528451855.165862 40.76 41.9469
1528451855.173969 42.03 41.9511
1528451855.182083 41.29 41.918
1528451855.190294 42.11 41.9276
1528451855.198345 42.16 41.9392
1528451855.206460 42.72 41.9783
1528451855.214629 41.05 41.9319
1528451855.222665 41.37 41.9038
1528451855.230756 41.04 41.8606
1528451855.238878 42 41.8675
1528451855.247067 42.42 41.8952
1528451855.255114 43.05 41.9529
1528451855.263135 43.27 42.0188
1528451855.271254 41.93 42.0143
1528451855.279375 43.1 42.0686
1528451855.287592 41.11 42.0207
1528451855.295732 42.26 42.0326
1528451855.303694 42.01 42.0315
1528451855.311851 41.5 42.0049
1528451855.319957 41.39 41.9742
1528451855.328104 42.67 42.009
1528451855.335928 42.48 42.0325
1528451855.343930 41.3 41.9959
1528451855.352029 41.32 41.9621
1528451855.360258 41.09 41.9185
1528451855.368402 41.11 41.8781
1528451855.376653 41.97 41.8827
1528451855.384564 42.08 41.8925
1528451855.392596 42.96 41.9459
1528451855.400724 41.84 41.9406
1528451855.408901 42.39 41.9631
1528451855.416865 42.19 41.9744
1528451855.425072 42.89 42.0202
1528451855.433163 40.97 41.9677
1528451855.441335 41.85 41.9618
1528451855.449282 42.75 42.0012
1528451855.457421 42.75 42.0387
1528451855.465650 41.72 42.0227
1528451855.473738 41.43 41.9931
1528451855.481844 41.98 41.9924
1528451855.489919 41.25 41.9553
1528451855.497854 40.01 41.8581
1528451855.506180 39.73 41.7516
1528451855.514040 43.03 41.8156
1528451855.522183 40.75 41.7623
1528451855.530371 40.2 41.6842
1528451855.538498 38.13 41.5065
1528451855.546651 40.97 41.4796
1528451855.554765 41.56 41.4837
1528451855.562908 40.57 41.438
1528451855.571069 40 41.3661
1528451855.579162 40.86 41.3408
1528451855.587177 41.45 41.3462
1528451855.595295 40.91 41.3244
1528451855.603541 39.94 41.2552
1528451855.611706 40.91 41.2379
1528451855.619803 40.49 41.2005
1528451855.627903 41.86 41.2335
1528451855.635892 40.44 41.1938
1528451855.644105 42.58 41.2632
1528451855.652255 41.12 41.256
1528451855.660354 40.76 41.2312
1528451855.668358 40.23 41.1811
1528451855.676462 41.86 41.2151
1528451855.684638 39.27 41.1178
1528451855.692743 41.02 41.1129
1528451855.700860 41.93 41.1538
1528451855.708870 40.29 41.1106
1528451855.716960 42.62 41.1861
1528451855.725123 40.43 41.1483
1528451855.733143 40.97 41.1393
1528451855.741306 41.22 41.1434
1528451855.749365 41.26 41.1492
1528451855.757555 40.1 41.0968
1528451855.765494 41.43 41.1134
1528451855.773777 41.18 41.1167
1528451855.781842 41.5 41.1359
1528451855.789877 41.32 41.1451
1528451855.798049 41.98 41.1869
1528451855.806221 40.94 41.1745
1528451855.814242 41.32 41.1818
1528451855.822360 42.54 41.2497
1528451855.830385 41.85 41.2797
1528451855.838495 41.36 41.2837
1528451855.846647 41.17 41.278
1528451855.854789 41.77 41.3026
1528451855.862974 40.97 41.286
1528451855.871132 41.29 41.2862
1528451855.879235 40.97 41.2704
1528451855.887387 40.69 41.2414
1528451855.895524 40.77 41.2178
1528451855.903491 40.56 41.1849
1528451855.911688 42.32 41.2417
1528451855.919797 41.78 41.2686
1528451855.927977 40.77 41.2437
1528451855.936030 41.91 41.277
1528451855.944174 41.64 41.2951
1528451855.952345 42.18 41.3394
1528451855.960515 40.88 41.3164
1528451855.968545 41.04 41.3026
1528451855.976581 41.53 41.314
1528451855.984562 39.84 41.2403
1528451855.992756 40.85 41.2207
1528451856.000796 41.9 41.2547
1528451856.008947 41.46 41.265
1528451856.017196 42.12 41.3077
1528451856.025165 41.32 41.3083
1528451856.033397 40.23 41.2544
1528451856.041579 41.8 41.2817
1528451856.049603 40.59 41.2471
1528451856.057654 39.83 41.1763
1528451856.065724 41.26 41.1804
1528451856.073924 41.48 41.1954
1528451856.082106 42.21 41.2462
1528451856.090118 42.18 41.2928
1528451856.098297 40.13 41.2347
1528451856.106420 39.33 41.1395
1528451856.114518 40.36 41.1005
1528451856.122501 41.13 41.102
1528451856.130572 41.78 41.1359
1528451856.138768 42.64 41.2111
1528451856.146854 41.81 41.241
1528451856.155013 41.63 41.2605
1528451856.163144 42.78 41.3364
1528451856.171340 42.01 41.3701
1528451856.179217 40.84 41.3436
1528451856.187329 41.03 41.3279
1528451856.195293 41.19 41.321
1528451856.203481 41.98 41.354
1528451856.211578 40.58 41.3153
1528451856.219815 41.18 41.3085
1528451856.227984 41.92 41.3391
1528451856.236014 42.68 41.4061
1528451856.244222 41.72 41.4218
1528451856.252362 41.52 41.4267
1528451856.260554 41.72 41.4414
1528451856.268651 40.9 41.4143
1528451856.276707 41.58 41.4226
1528451856.284885 40.9 41.3965
1528451856.293035 42.37 41.4452
1528451856.301138 40.44 41.3949
1528451856.309315 42.12 41.4312
1528451856.317415 40.29 41.3741
1528451856.325405 42.49 41.4299
1528451856.333506 40.62 41.3894
1528451856.341775 43.37 41.4884
1528451856.349707 41.86 41.507
1528451856.357814 42.54 41.5587
1528451856.365947 41.51 41.5562
1528451856.374145 42.85 41.6209
1528451856.382166 40.32 41.5559
1528451856.390138 42.07 41.5816
1528451856.398307 42.32 41.6185
1528451856.406508 42.4 41.6576
1528451856.414532 41.54 41.6517
1528451856.422825 42.82 41.7101
1528451856.430881 41.51 41.7001
1528451856.439027 42.36 41.7331
1528451856.447241 40.78 41.6854
1528451856.455282 42.44 41.7232
1528451856.463476 41.01 41.6875
1528451856.471645 42.71 41.7386
1528451856.479698 42.89 41.7962
1528451856.487812 42.03 41.8079
1528451856.495803 41.3 41.7825
1528451856.503990 42.22 41.8044
1528451856.512244 41.72 41.8002
1528451856.520289 42.19 41.8196
1528451856.528299 43.36 41.8967
1528451856.536433 42.16 41.9098
1528451856.544418 41.24 41.8763
1528451856.552505 41.73 41.869
1528451856.560655 41.4 41.8456
1528451856.568836 42.39 41.8728
1528451856.576814 41.75 41.8667
1528451856.584769 42.61 41.9038
1528451856.593026 42.56 41.9366
1528451856.601018 42.61 41.9703
1528451856.609131 41.11 41.9273
1528451856.617244 43.07 41.9844
1528451856.625525 41.94 41.9822
1528451856.633565 43.16 42.0411
1528451856.641805 42.9 42.084
1528451856.649716 41.32 42.0458
1528451856.657905 40.03 41.945
1528451856.666090 42.81 41.9883
1528451856.673903 40.08 41.8929
1528451856.682184 41.86 41.8912
1528451856.690049 42.18 41.9057
1528451856.698103 41.37 41.8789
1528451856.706234 42.01 41.8854
1528451856.714271 42.82 41.9322
1528451856.722443 41.64 41.9176
1528451856.730385 42.61 41.9522
1528451856.738601 41.93 41.9511
1528451856.746692 40.17 41.862
1528451856.755689 42.84 41.9109
1528451856.762910 42.25 41.9279
1528451856.771056 41.72 41.9175
1528451856.779201 42.09 41.9261
1528451856.787328 42.25 41.9423
1528451856.795541 43.3 42.0102
1528451856.803719 42.22 42.0207
1528451856.811791 41.79 42.0091
1528451856.819793 43.27 42.0722
1528451856.827813 43.24 42.1306
1528451856.835845 43.7 42.209
1528451856.844048 42.47 42.2221
1528451856.852181 41.3 42.176
1528451856.860268 43.13 42.2237
1528451856.868396 42.75 42.25
1528451856.876546 42.71 42.273
1528451856.884713 41.47 42.2329
1528451856.892819 42.18 42.2302
1528451856.900820 42.75 42.2562
1528451856.908791 42.21 42.2539
1528451856.917042 41.86 42.2342
1528451856.925132 41.79 42.212
1528451856.933292 41.42 42.1724
1528451856.941417 42.9 42.2088
1528451856.949557 42.48 42.2223
1528451856.957603 41.58 42.1902
1528451856.965741 41.95 42.1782
1528451856.973749 42.82 42.2103
1528451856.981964 41.5 42.1748
1528451856.990080 41.24 42.128
1528451856.998171 42.46 42.1446
1528451857.006386 42.18 42.1464
1528451857.014547 41.24 42.1011
1528451857.022638 40.87 42.0395
1528451857.030635 41.3 42.0026
1528451857.038798 42.08 42.0064
1528451857.046806 41.79 41.9956
1528451857.054994 42.32 42.0118
1528451857.063073 41.52 41.9872
1528451857.071042 41.89 41.9824
1528451857.079160 41.79 41.9728
1528451857.087293 40.38 41.8931
1528451857.095545 41.51 41.874
1528451857.103501 41.51 41.8558
1528451857.111630 42.67 41.8965
1528451857.119766 40.36 41.8197
1528451857.127729 41.73 41.8152
1528451857.135951 41.64 41.8064
1528451857.144028 42.1 41.8211
1528451857.152173 42.93 41.8765
1528451857.160160 41.95 41.8802
1528451857.168245 42.87 41.9297
1528451857.176486 42.82 41.9742
1528451857.184665 41.5 41.9505
1528451857.192534 41.85 41.9455
1528451857.200745 41.04 41.9002
1528451857.208853 40.9 41.8502
1528451857.216972 41.1 41.8127
1528451857.225127 41.96 41.82
1528451857.233318 41.69 41.8135
1528451857.241317 40.36 41.7409
1528451857.249467 42.69 41.7883
1528451857.257574 41.56 41.7769
1528451857.265625 42.06 41.7911
1528451857.273664 40.55 41.729
1528451857.281761 41.2 41.7026
1528451857.289947 40.04 41.6194
1528451857.298096 41.75 41.626
1528451857.306189 40.27 41.5582
1528451857.314232 39.91 41.4758
1528451857.322209 42.39 41.5215
1528451857.330358 42.44 41.5674
1528451857.338544 41.72 41.575
1528451857.346549 39.77 41.4848
1528451857.354687 39.61 41.391
1528451857.362817 41.18 41.3805
1528451857.370766 41.22 41.3725
1528451857.378899 42.84 41.4458
1528451857.387049 41.17 41.432
1528451857.395160 42.53 41.4869
1528451857.403262 42.15 41.5201
1528451857.411288 42.22 41.5551
1528451857.419496 42.32 41.5933
1528451857.427437 40.97 41.5622
1528451857.435492 42.37 41.6026
1528451857.443704 41.42 41.5934
1528451857.451625 40.5 41.5388
1528451857.459882 41.17 41.5203
1528451857.467776 41.02 41.4953
1528451857.475934 41.39 41.49
1528451857.483943 43.14 41.5725
1528451857.492031 42.69 41.6284
1528451857.500172 41.01 41.5975
1528451857.508381 42.28 41.6316
1528451857.516579 42.93 41.6965
1528451857.524711 41.02 41.6627
1528451857.532848 40.97 41.6281
1528451857.540979 43.35 41.7142
1528451857.549083 38.95 41.576
1528451857.557220 40.22 41.5082
1528451857.565420 41.18 41.4918
1528451857.573618 39.76 41.4052
1528451857.581660 42.57 41.4634
1528451857.589724 41.72 41.4762
1528451857.597957 40.94 41.4494
1528451857.606107 40.22 41.388
1528451857.614003 41.18 41.3776
1528451857.622118 41.22 41.3697
1528451857.630292 40.44 41.3232
1528451857.638351 42.12 41.363
1528451857.646367 41.71 41.3804
1528451857.654459 41.72 41.3974
1528451857.662621 41.47 41.401
1528451857.670612 42.57 41.4594
1528451857.678741 40.04 41.3885
1528451857.686808 40.48 41.3431
1528451857.695022 39.72 41.2619
1528451857.703033 40.42 41.2198
1528451857.711174 39.76 41.1468
1528451857.719340 38.82 41.0305
1528451857.727452 42.03 41.0804
1528451857.735518 40.54 41.0534
1528451857.743675 40.01 41.0013
1528451857.751682 43 41.1012
1528451857.759833 40.91 41.0916
1528451857.767953 41.23 41.0986
1528451857.776097 41.13 41.1001
1528451857.784221 42 41.1451
1528451857.792355 42.44 41.2099
1528451857.800348 40.37 41.1679
1528451857.808398 39.34 41.0765
1528451857.816515 41.27 41.0862
1528451857.824733 41.33 41.0983
1528451857.832847 40.83 41.0849
1528451857.840817 40.54 41.0577
1528451857.849007 40.48 41.0288
1528451857.857044 42.43 41.0989
1528451857.865181 42.68 41.1779
1528451857.873274 41.19 41.1785
1528451857.881549 40.82 41.1606
1528451857.889564 40.91 41.1481
1528451857.897818 43.06 41.2437
1528451857.905927 41.3 41.2465
1528451857.913981 41.73 41.2707
1528451857.921902 40.96 41.2551
1528451857.930048 42.54 41.3194
1528451857.938265 40.32 41.2694
1528451857.946421 42.55 41.3334
1528451857.954565 42.62 41.3978
1528451857.962510 40.58 41.3569
1528451857.970639 40.5 41.314
1528451857.978848 41.18 41.3073
1528451857.986900 42.5 41.367
1528451857.995023 42.08 41.4026
1528451858.003007 41.44 41.4045
1528451858.011186 40.49 41.3588
1528451858.019339 41.78 41.3798
1528451858.027431 41.51 41.3863
1528451858.035518 43.19 41.4765
1528451858.043703 41.19 41.4622
1528451858.051729 41.21 41.4496
1528451858.059884 40.97 41.4256
1528451858.067997 40.94 41.4013
1528451858.076174 40.92 41.3773
1528451858.084282 41.51 41.3839
1528451858.092298 42.96 41.4627
1528451858.100470 40.15 41.3971
1528451858.108420 42.39 41.4467
1528451858.116566 40.75 41.4119
1528451858.124669 43.28 41.5053
1528451858.132769 41.72 41.516
1528451858.140936 41.73 41.5267
1528451858.148999 42.01 41.5509
1528451858.157017 43.21 41.6338
1528451858.165161 40.08 41.5561
1528451858.173344 42.18 41.5873
1528451858.181540 41.72 41.594
1528451858.189558 42.96 41.6623
1528451858.197724 42.75 41.7167
1528451858.205827 40.76 41.6688
1528451858.214042 41.05 41.6379
1528451858.221991 43.12 41.712
1528451858.230049 41.11 41.6819
1528451858.238218 42.29 41.7123
1528451858.246375 39.92 41.6227
1528451858.254566 42.82 41.6825
1528451858.262698 41.12 41.6544
1528451858.270868 42.74 41.7087
1528451858.278959 41.61 41.7038
1528451858.287125 41.11 41.6741
1528451858.295142 42.54 41.7174
1528451858.303161 40.43 41.653
1528451858.311323 42.21 41.6809
1528451858.319416 43.07 41.7503
1528451858.327367 40.25 41.6753
1528451858.335422 42.54 41.7185
1528451858.343602 41.18 41.6916
1528451858.351615 42.58 41.736
1528451858.359842 42.29 41.7637
1528451858.367902 43.16 41.8335
1528451858.375903 40.76 41.7799
1528451858.384038 42.21 41.8014
1528451858.392193 41.58 41.7903
1528451858.400201 42.85 41.8433
1528451858.408315 41.79 41.8406
1528451858.416357 42.59 41.8781
1528451858.424530 42.18 41.8932
1528451858.432669 42.89 41.943
1528451858.440828 42.49 41.9704
1528451858.448732 42.31 41.9874
1528451858.456947 41.88 41.982
1528451858.465102 42.6 42.0129
1528451858.473257 41.67 41.9957
1528451858.481332 42.8 42.036
1528451858.489346 43.98 42.1332
1528451858.497516 40.63 42.058
1528451858.505570 42.09 42.0596
1528451858.513728 42.33 42.0731
1528451858.521877 42.57 42.098
1528451858.529915 42.31 42.1086
1528451858.538020 42.11 42.1086
1528451858.546098 41.7 42.0882
1528451858.554279 42.54 42.1108
1528451858.562360 42.37 42.1238
1528451858.570401 42.59 42.1471
1528451858.578545 41.23 42.1012
1528451858.586518 41.29 42.0607
1528451858.594721 40.19 41.9671
1528451858.602661 41.44 41.9408
1528451858.610921 43.22 42.0047
1528451858.618786 42.75 42.042
1528451858.626801 41.24 42.0019
1528451858.634957 40.51 41.9273
1528451858.643125 41.87 41.9244
1528451858.651151 42.4 41.9482
1528451858.659178 42.22 41.9618
1528451858.667233 42.32 41.9797
1528451858.675243 41.66 41.9637
1528451858.683579 41.99 41.965
1528451858.691463 43.29 42.0313
1528451858.699580 41.58 42.0087
1528451858.707575 41.05 41.9608
1528451858.715707 40.97 41.9112
1528451858.723812 41.67 41.8992
1528451858.731937 42.33 41.9207
1528451858.740092 40.96 41.8727
1528451858.748145 42.53 41.9056
1528451858.756169 42.79 41.9498
1528451858.764310 41.05 41.9048
1528451858.772220 41.58 41.8885
1528451858.780244 44.15 42.0016
1528451858.788425 41.05 41.954
1528451858.796532 43.27 42.0198
1528451858.804538 41.78 42.0078
1528451858.812660 42.84 42.0495
1528451858.820775 41.2 42.007
1528451858.828942 41.31 41.9721
1528451858.837027 40.75 41.911
1528451858.845143 41.98 41.9145
1528451858.853284 41.47 41.8923
1528451858.861408 42.3 41.9126
1528451858.869504 41.19 41.8765
1528451858.877439 41.02 41.8337
1528451858.885632 41.58 41.821
1528451858.893668 43.14 41.8869
1528451858.901746 42.05 41.8951
1528451858.909741 41.93 41.8968
1528451858.917896 42.47 41.9255
1528451858.925907 41.5 41.9042
1528451858.934082 41.85 41.9015
1528451858.942082 40.15 41.8139
1528451858.950163 41.23 41.7847
1528451858.958293 41.47 41.769
1528451858.966558 42.39 41.8001
1528451858.974510 42.15 41.8176
1528451858.982601 40.76 41.7647
1528451858.990747 40.66 41.7094
1528451858.998963 40.58 41.653
1528451859.007071 40.12 41.5763
1528451859.015201 40.71 41.533
1528451859.023157 42.27 41.5699
1528451859.031335 42.73 41.6279
1528451859.039423 42.37 41.665
1528451859.047561 40.5 41.6067
1528451859.055540 40.68 41.5604
1528451859.063656 41.42 41.5534
1528451859.071787 41.72 41.5617
1528451859.079968 40.59 41.5131
1528451859.087954 39.83 41.429
1528451859.096098 41.51 41.433
1528451859.104112 41.04 41.4134
1528451859.112312 41.97 41.4412
1528451859.120520 41.08 41.4231
1528451859.128602 40.59 41.3815
1528451859.136702 41.94 41.4094
1528451859.144719 41.04 41.3909
1528451859.152753 40.72 41.3574
1528451859.160862 40.64 41.3215
1528451859.168911 40.96 41.3034
1528451859.177162 40.27 41.2518
1528451859.185116 41.93 41.2857
1528451859.193254 41.62 41.3024
1528451859.201384 41.1 41.2923
1528451859.209407 40.51 41.2532
1528451859.217541 41.19 41.25
1528451859.225516 39.9 41.1825
1528451859.233599 39.99 41.1229
1528451859.241585 41.98 41.1657
1528451859.249831 38.66 41.0404
1528451859.257885 41.25 41.0509
1528451859.266040 40.2 41.0084
1528451859.274013 40.73 40.9945
1528451859.282076 41.78 41.0337
1528451859.290118 40.7 41.017
1528451859.298081 41.86 41.0592
1528451859.306295 41.11 41.0617
1528451859.314447 42.07 41.1122
1528451859.322432 40.51 41.082
1528451859.330615 41.81 41.1184
1528451859.338612 42.16 41.1705
1528451859.346693 41.78 41.201
1528451859.354784 40.92 41.1869
1528451859.363029 42 41.2276
1528451859.371106 41.32 41.2322
1528451859.379201 41.73 41.2571
1528451859.387324 40.96 41.2423
1528451859.395367 41.78 41.2691
1528451859.403519 41.8 41.2957
1528451859.412334 40.77 41.2694
1528451859.419803 39.97 41.2044
1528451859.427781 42.22 41.2552
1528451859.435982 41.72 41.2784
1528451859.444093 40.41 41.235
1528451859.452186 39.9 41.1683
1528451859.460209 40.47 41.1334
1528451859.468443 41.19 41.1362
1528451859.476397 41.19 41.1389
1528451859.484389 40.38 41.1009
1528451859.492576 40.75 41.0834
1528451859.500563 41.78 41.1182
1528451859.508716 39.7 41.0473
1528451859.516859 40.24 41.0069
1528451859.525124 41.51 41.0321
1528451859.533075 41.16 41.0385
1528451859.541290 41.33 41.0531
1528451859.549422 40.9 41.0454
1528451859.557644 41.13 41.0496
1528451859.565569 40.67 41.0307
1528451859.573614 42.67 41.1126
1528451859.581820 40.04 41.059
1528451859.589916 41.13 41.0625
1528451859.598104 41.28 41.0734
1528451859.606224 40.15 41.0272
1528451859.614201 42.39 41.0954
1528451859.622330 41.46 41.1136
1528451859.630323 41.26 41.1209
1528451859.638349 39.57 41.0434
1528451859.646472 40.33 41.0077
1528451859.654563 40.98 41.0063
1528451859.662727 42.39 41.0755
1528451859.670877 41.57 41.1002
1528451859.679055 40.44 41.0672
1528451859.687116 39.33 40.9804
1528451859.695323 41.26 40.9943
1528451859.703405 40.9 40.9896
1528451859.711498 42 41.0402
1528451859.719654 40.44 41.0101
1528451859.727856 40.62 40.9906
1528451859.735936 42.39 41.0606
1528451859.744013 42.62 41.1386
1528451859.752292 41.93 41.1781
1528451859.760325 40.01 41.1197
1528451859.768540 42.75 41.2013
1528451859.776679 42.57 41.2697
1528451859.784709 41.04 41.2582
1528451859.792844 40.3 41.2103
1528451859.801114 39.72 41.1358
1528451859.809261 41.72 41.165
1528451859.817150 40.95 41.1542
1528451859.825285 40.78 41.1355
1528451859.833297 42.85 41.2213
1528451859.841547 41.97 41.2587
1528451859.849492 43.18 41.3548
1528451859.857410 41.79 41.3765
1528451859.865579 42.96 41.4557
1528451859.873702 41.28 41.4469
1528451859.881750 43.1 41.5296
1528451859.889874 42.79 41.5926
1528451859.897825 41.89 41.6075
1528451859.905875 40.79 41.5666
1528451859.913794 42.18 41.5973
1528451859.921844 42.29 41.6319
1528451859.929829 41.34 41.6173
1528451859.938102 40.48 41.5604
1528451859.946140 42.21 41.5929
1528451859.954143 41.83 41.6048
1528451859.962080 42.92 41.6705
1528451859.970319 41.25 41.6495
1528451859.978463 42.46 41.69
1528451859.986561 42.26 41.7185
1528451859.994645 43.36 41.8006
1528451860.002857 43.6 41.8906
1528451860.011039 42.47 41.9195
1528451860.019034 42.29 41.9381
1528451860.027137 42.82 41.9822
1528451860.035251 41.43 41.9546
1528451860.043359 42.54 41.9838
1528451860.051514 43.06 42.0376
1528451860.059593 42.26 42.0488
1528451860.067762 42 42.0463
1528451860.075955 43.14 42.101
1528451860.083896 41.18 42.0549
1528451860.092138 41.25 42.0147
1528451860.100296 43.4 42.084
1528451860.108258 43.92 42.1758
1528451860.116461 43.18 42.226
1528451860.124588 43.03 42.2662
1528451860.132737 43.13 42.3094
1528451860.140818 43.47 42.3674
1528451860.148679 41.68 42.333
1528451860.156778 41.97 42.3149
1528451860.164910 41.51 42.2746
1528451860.173074 43.56 42.3389
1528451860.181233 41.64 42.304
1528451860.189378 42.68 42.3228
1528451860.197537 42.74 42.3436
1528451860.205573 41.54 42.3034
1528451860.213662 41.44 42.2603
1528451860.221809 41.98 42.2463
1528451860.229924 40.52 42.1599
1528451860.238052 41.54 42.1289
1528451860.246093 41.5 42.0975
1528451860.254301 43.03 42.1441
1528451860.262295 42.5 42.1619
1528451860.270545 43.21 42.2143
1528451860.278578 42.11 42.2091
1528451860.286766 41.9 42.1937
1528451860.294693 43.47 42.2575
1528451860.302915 42.97 42.2931
1528451860.311058 42.32 42.2944
1528451860.319119 41.89 42.2742
1528451860.327329 39.82 42.1515
1528451860.335388 44.02 42.2449
1528451860.343525 40.9 42.1777
1528451860.351501 41.53 42.1453
1528451860.359644 41.53 42.1145
1528451860.367584 41.65 42.0913
1528451860.375715 42.73 42.1232
1528451860.383884 41.65 42.0996
1528451860.392023 42.53 42.1211
1528451860.400117 42.3 42.13
1528451860.408193 43.26 42.1865
1528451860.416365 42.71 42.2127
1528451860.424421 42.75 42.2396
1528451860.432538 42.77 42.2661
1528451860.440648 44.16 42.3608
1528451860.448597 42.11 42.3483
1528451860.456531 42.81 42.3713
1528451860.464733 41.18 42.3118
1528451860.472841 43.36 42.3642
1528451860.481006 41.19 42.3055
1528451860.489156 42.61 42.3207
1528451860.497225 41.69 42.2892
1528451860.505320 42.71 42.3102
1528451860.513372 42.31 42.3102
1528451860.521556 41.75 42.2822
1528451860.529617 42.63 42.2996
1528451860.537612 41.54 42.2616
1528451860.545817 42.41 42.269
1528451860.554020 41.52 42.2316
1528451860.562023 41.94 42.217
1528451860.570030 43.2 42.2661
1528451860.578274 40.97 42.2013
1528451860.586349 41.74 42.1783
1528451860.594565 41.81 42.1599
1528451860.602576 42.01 42.1524
1528451860.610726 41.44 42.1167
1528451860.618880 42.73 42.1474
1528451860.626821 41.64 42.122
1528451860.634926 41.23 42.0774
1528451860.643113 40.44 41.9956
1528451860.651194 42.61 42.0263
1528451860.659258 41.68 42.009
1528451860.667342 42.15 42.016
1528451860.675455 42.47 42.0387
1528451860.683592 41.86 42.0298
1528451860.691612 40.51 41.9538
1528451860.699705 40.9 41.9011
1528451860.707885 43.28 41.9701
1528451860.716119 40.69 41.906
1528451860.724152 40.5 41.8357
1528451860.732247 42.85 41.8865
1528451860.740304 41.68 41.8761
1528451860.748432 43.14 41.9393
1528451860.756444 41.71 41.9279
1528451860.764686 41.73 41.918
1528451860.772763 40.98 41.8711
1528451860.780843 41.58 41.8565
1528451860.788979 42.28 41.8777
1528451860.797218 41.1 41.8388
1528451860.805350 42.27 41.8604
1528451860.813422 42.53 41.8938
1528451860.821517 41.98 41.8982
1528451860.829544 40.99 41.8527
1528451860.837735 40.76 41.7981
1528451860.845789 42.46 41.8312
1528451860.853972 43.03 41.8911
1528451860.862202 39.65 41.7791
1528451860.870240 42.08 41.7941
1528451860.878347 40.56 41.7324
1528451860.886422 41.11 41.7013
1528451860.894581 41.95 41.7137
1528451860.902698 42.45 41.7506
1528451860.910728 42.77 41.8015
1528451860.918849 40.78 41.7504
1528451860.926977 39.52 41.6389
1528451860.935093 42.32 41.673
1528451860.943226 43.03 41.7408
1528451860.951311 42.21 41.7643
1528451860.959514 40.24 41.6881
1528451860.967657 40.95 41.6512
1528451860.975693 41.79 41.6581
1528451860.983801 40.04 41.5772
1528451860.991952 41.58 41.5773
1528451861.000164 39.99 41.498
1528451861.008302 41.11 41.4786
1528451861.016399 40.92 41.4507
1528451861.024452 40.71 41.4136
1528451861.032633 41.36 41.4109
1528451861.040678 39.31 41.3059
1528451861.048877 40.92 41.2866
1528451861.056819 41.31 41.2878
1528451861.065004 42.14 41.3304
1528451861.073098 41.43 41.3354
1528451861.081180 43 41.4186
1528451861.089316 40.22 41.3587
1528451861.097457 41.89 41.3852
1528451861.105364 41.79 41.4055
1528451861.113403 42.44 41.4572
1528451861.121468 42.65 41.5168
1528451861.129550 42.39 41.5605
1528451861.137611 41.39 41.552
1528451861.145772 40.59 41.5039
1528451861.153756 41.25 41.4912
1528451861.161928 41.7 41.5016
1528451861.170119 41.86 41.5195
1528451861.178067 41.41 41.5141
1528451861.186202 40.9 41.4834
1528451861.194301 41.55 41.4867
1528451861.202426 40.11 41.4179
1528451861.210568 42.24 41.459
1528451861.218673 40.64 41.418
1528451861.226814 41.05 41.3996
1528451861.234933 41.55 41.4071
1528451861.243066 39.98 41.3358
1528451861.251226 40.6 41.299
1528451861.259308 41.25 41.2965
1528451861.267480 42.82 41.3727
1528451861.275593 42.57 41.4326
1528451861.283815 39.85 41.3534
1528451861.291824 40.46 41.3088
1528451861.299829 41.13 41.2998
1528451861.308050 41.48 41.3088
1528451861.316048 40.72 41.2794
1528451861.324269 41.1 41.2704
1528451861.332257 41.11 41.2624
1528451861.340469 41.02 41.2503
1528451861.348526 41.76 41.2758
1528451861.356722 41.85 41.3045
1528451861.364727 41.32 41.3053
1528451861.372715 41.89 41.3345
1528451861.380941 40.14 41.2748
1528451861.388985 41.27 41.2745
1528451861.397019 41.98 41.3098
1528451861.405251 40.76 41.2823
1528451861.413359 40.76 41.2562
1528451861.421290 43.65 41.3759
1528451861.429463 40.69 41.3416
1528451861.437555 41.76 41.3625
1528451861.445782 40.51 41.3199
1528451861.453777 40.26 41.2669
1528451861.461920 40.62 41.2346
1528451861.469813 41.36 41.2408
1528451861.477901 41.78 41.2678
1528451861.486060 40.76 41.2424
1528451861.494260 42.15 41.2878
1528451861.502320 40.72 41.2594
1528451861.510490 40.95 41.2439
1528451861.518648 39.77 41.1702
1528451861.526785 39.34 41.0787
1528451861.534953 41.86 41.1178
1528451861.543317 41.93 41.1584
1528451861.551169 41.79 41.19
1528451861.559284 41.44 41.2025
1528451861.567382 42.4 41.2623
1528451861.575514 41.6 41.2792
