1528452125.789442 42.53 41.5319
1528452125.797549 41.17 41.5138
1528452125.805585 42.25 41.5506
1528452125.813598 41.58 41.5521
1528452125.821674 40.42 41.4955
1528452125.829799 42.47 41.5442
1528452125.837850 40.15 41.4745
1528452125.846041 42.69 41.5353
1528452125.854084 41.18 41.5175
1528452125.862199 40.56 41.4696
1528452125.870311 40.22 41.4072
1528452125.878486 41.18 41.3958
1528452125.886486 41.27 41.3895
1528452125.894678 41.53 41.3965
1528452125.902825 41.5 41.4017
1528452125.910841 41.56 41.4096
1528452125.919079 41.44 41.4111
1528452125.926969 41.05 41.3931
1528452125.935081 42.53 41.4499
1528452125.943251 41.43 41.4489
1528452125.951365 40.58 41.4055
1528452125.959514 40.86 41.3782
1528452125.967561 40.98 41.3583
1528452125.975593 41.79 41.3799
1528452125.983891 41.72 41.3969
1528452125.991966 40.68 41.361
1528452126.000081 40.47 41.3165
1528452126.008150 41.26 41.3137
1528452126.016139 41.17 41.3065
1528452126.024296 41.94 41.3382
1528452126.032265 42.1 41.3763
1528452126.040234 40.42 41.3284
1528452126.048374 41.51 41.3375
1528452126.056548 40.92 41.3166
1528452126.064638 41.56 41.3288
1528452126.072733 43.16 41.4204
1528452126.080828 40.83 41.3909
1528452126.088934 40.85 41.3638
1528452126.097030 40.44 41.3176
1528452126.105276 41.11 41.3072
1528452126.113332 40.84 41.2839
1528452126.121568 40.23 41.2312
1528452126.129530 41.48 41.2436
1528452126.137547 42.01 41.2819
1528452126.145641 43.22 41.3788
1528452126.153763 40.49 41.3344
1528452126.162011 41.51 41.3432
1528452126.170191 41.71 41.3615
1528452126.178196 42.39 41.4129
1528452126.186279 40.46 41.3653
1528452126.194459 40.62 41.328
1528452126.202451 42.46 41.3846
1528452126.210450 43.64 41.4974
1528452126.218579 41.77 41.511
1528452126.226685 42.45 41.558
1528452126.234734 43.03 41.6316
1528452126.242823 41.33 41.6165
1528452126.250993 39.84 41.5277
1528452126.259185 40.99 41.5008
1528452126.267182 41.78 41.5148
1528452126.275282 41.57 41.5175
1528452126.283439 42.63 41.5731
1528452126.291576 41.86 41.5875
1528452126.299577 41.11 41.5636
1528452126.307692 42.9 41.6304
1528452126.315695 41.28 41.6129
1528452126.323768 39.53 41.5088
1528452126.331882 42.51 41.5588
1528452126.339912 41.7 41.5659
1528452126.348185 41.71 41.5731
1528452126.356114 42.46 41.6174
1528452126.364113 42.05 41.6391
1528452126.372225 41.12 41.6131
1528452126.380260 42.27 41.646
1528452126.388429 43.19 41.7232
1528452126.396467 41.85 41.7295
1528452126.404658 39.87 41.6365
1528452126.412675 42.32 41.6707
1528452126.420923 41.18 41.6462
1528452126.428961 42.23 41.6754
1528452126.436978 40.62 41.6226
1528452126.445176 41.34 41.6085
1528452126.453270 42.51 41.6535
1528452126.461595 41.63 41.6524
1528452126.469490 42 41.6697
1528452126.477465 41.43 41.6578
1528452126.485436 41.52 41.6509
1528452126.493567 43.06 41.7213
1528452126.501671 41.93 41.7318
1528452126.509875 41.8 41.7352
1528452126.517959 43.78 41.8374
1528452126.526103 41.57 41.824
1528452126.534250 40.76 41.7708
1528452126.542352 41.78 41.7713
1528452126.550194 43.04 41.8347
1528452126.558378 41.32 41.809
1528452126.566461 43.07 41.872
1528452126.574715 41.7 41.8634
1528452126.582664 42.05 41.8728
1528452126.590796 42.75 41.9166
1528452126.599030 41.98 41.9198
1528452126.607142 41.04 41.8758
1528452126.615271 42.01 41.8825
1528452126.623271 41.26 41.8514
1528452126.631420 41.19 41.8183
1528452126.639507 40.87 41.7709
1528452126.647680 42.63 41.8139
1528452126.655823 41.16 41.7812
1528452126.663935 43 41.8421
1528452126.671974 41.68 41.834
1528452126.680144 42.85 41.8848
1528452126.688204 41.04 41.8426
1528452126.696394 42.53 41.8769
1528452126.704518 42.37 41.9016
1528452126.712495 40.9 41.8515
1528452126.720628 41.71 41.8444
1528452126.728743 41.63 41.8337
1528452126.736828 42.07 41.8455
1528452126.744927 42.43 41.8748
1528452126.753037 42.27 41.8945
1528452126.761194 42.54 41.9268
1528452126.769280 42.39 41.9499
1528452126.777548 41.47 41.926
1528452126.785474 42.54 41.9567
1528452126.793608 40.96 41.9068
1528452126.801704 40.97 41.86
1528452126.809797 41.89 41.8615
1528452126.817905 42.2 41.8784
1528452126.825977 44.14 41.9915
1528452126.834201 43.31 42.0574
1528452126.842199 41.81 42.045
1528452126.850273 41.3 42.0078
1528452126.858465 41.92 42.0034
1528452126.866419 40.95 41.9507
1528452126.874476 40.9 41.8982
1528452126.882534 41.8 41.8933
1528452126.890669 42.01 41.8991
1528452126.898815 42.85 41.9467
1528452126.906986 42.53 41.9758
1528452126.915097 40.95 41.9245
1528452126.923076 41.95 41.9258
1528452126.931243 41.73 41.916
1528452126.939360 40.84 41.8622
1528452126.947520 42.79 41.9086
1528452126.955591 41.58 41.8922
1528452126.963626 43.43 41.9691
1528452126.971635 42.92 42.0166
1528452126.979623 41.65 41.9983
1528452126.987713 42.59 42.0279
1528452126.995716 39.97 41.925
1528452127.003918 42.21 41.9392
1528452127.011913 42.79 41.9818
1528452127.020021 42.42 42.0037
1528452127.028193 42.14 42.0105
1528452127.036299 42.57 42.0385
1528452127.044420 43.35 42.104
1528452127.052560 40.58 42.0278
1528452127.060692 41.16 41.9845
1528452127.068814 43.07 42.0387
1528452127.076993 40.8 41.9768
1528452127.085017 42.18 41.987
1528452127.093123 43.91 42.0831
1528452127.101245 42.08 42.083
1528452127.109303 40.99 42.0283
1528452127.117473 43.16 42.0849
1528452127.125641 40.22 41.9916
1528452127.133919 41.79 41.9816
1528452127.141895 42.57 42.011
1528452127.150034 43.02 42.0614
1528452127.158057 41.89 42.0529
1528452127.166182 41.81 42.0407
1528452127.174254 40.98 41.9877
1528452127.182383 42.53 42.0148
1528452127.190532 41.11 41.9696
1528452127.198674 42.96 42.0191
1528452127.206771 41.62 41.9991
1528452127.214984 41.95 41.9967
1528452127.222963 41.7 41.9818
1528452127.230952 39.79 41.8722
1528452127.239079 41.86 41.8716
1528452127.247224 43.49 41.9526
1528452127.255293 41.93 41.9514
1528452127.263460 42.75 41.9914
1528452127.271544 42.82 42.0328
1528452127.279644 42.31 42.0466
1528452127.287687 42.8 42.0843
1528452127.295721 42.2 42.0901
1528452127.303884 43.04 42.1376
1528452127.311824 42.75 42.1682
1528452127.320195 44.42 42.2808
1528452127.328191 41.46 42.2398
1528452127.336347 40.55 42.1553
1528452127.344269 41.99 42.147
1528452127.352453 41.04 42.0917
1528452127.360358 41.95 42.0846
1528452127.368546 41.97 42.0788
1528452127.376502 42.92 42.1209
1528452127.384646 42.75 42.1524
1528452127.392748 42.78 42.1837
1528452127.400866 43.17 42.2331
1528452127.409016 41.51 42.1969
1528452127.417178 43.01 42.2376
1528452127.425325 42.47 42.2492
1528452127.433498 42.08 42.2407
1528452127.441540 40.62 42.1597
1528452127.449561 43.84 42.2437
1528452127.457525 42.23 42.243
1528452127.465722 41.78 42.2199
1528452127.473799 41.1 42.1639
1528452127.481800 41.64 42.1377
1528452127.490090 41.05 42.0833
1528452127.497954 43.04 42.1311
1528452127.506154 42.63 42.1561
1528452127.514187 41.97 42.1468
1528452127.522192 42.56 42.1674
1528452127.530236 43.83 42.2506
1528452127.538331 41.79 42.2275
1528452127.546614 41.7 42.2012
1528452127.554635 42.53 42.2176
1528452127.562753 42.18 42.2157
1528452127.570895 41.41 42.1754
1528452127.579096 42.6 42.1967
1528452127.587179 41.19 42.1463
1528452127.595324 42.04 42.141
1528452127.603460 42.57 42.1625
1528452127.611522 42.47 42.1778
1528452127.619620 43.07 42.2224
1528452127.627705 42.47 42.2348
1528452127.635884 41.97 42.2216
1528452127.644028 43.5 42.2855
1528452127.652220 42.93 42.3177
1528452127.660157 41.28 42.2658
1528452127.668269 43.21 42.313
1528452127.676401 41.42 42.2684
1528452127.684688 41.23 42.2165
1528452127.692721 41.5 42.1807
1528452127.700925 42.16 42.1796
1528452127.708980 43.49 42.2451
1528452127.717048 40.68 42.1669
1528452127.725189 41.31 42.124
1528452127.733234 43.06 42.1708
1528452127.741578 40.5 42.0873
1528452127.749458 42.96 42.1309
1528452127.757565 42.47 42.1479
1528452127.765733 43.68 42.2245
1528452127.773833 43.43 42.2848
1528452127.782007 41.45 42.243
1528452127.790022 43.35 42.2984
1528452127.798104 40.9 42.2285
1528452127.806656 42.09 42.2215
1528452127.814416 41.04 42.1625
1528452127.822614 42.08 42.1583
1528452127.830729 41.72 42.1364
1528452127.838861 43.65 42.2121
1528452127.846977 41.48 42.1755
1528452127.855236 41.77 42.1552
1528452127.863240 42.31 42.163
1528452127.871338 41.3 42.1198
1528452127.879433 42.82 42.1548
1528452127.887594 42.14 42.1541
1528452127.895725 42.53 42.1729
1528452127.903911 42.59 42.1937
1528452127.912075 42.79 42.2235
1528452127.920187 41.68 42.1964
1528452127.928272 42.68 42.2205
1528452127.936284 41.62 42.1905
1528452127.944444 40.16 42.089
1528452127.952532 41.65 42.067
1528452127.960681 42.14 42.0707
1528452127.968811 41.11 42.0227
1528452127.976969 41.78 42.0105
1528452127.985114 43.57 42.0885
1528452127.993241 40.57 42.0126
1528452128.001239 42.32 42.0279
1528452128.009259 43.52 42.1025
1528452128.017384 43.03 42.1489
1528452128.025530 41.92 42.1375
1528452128.033622 41.88 42.1246
1528452128.041584 42.49 42.1429
1528452128.049616 42.6 42.1657
1528452128.057814 42.93 42.2039
1528452128.065995 42.46 42.2167
1528452128.073892 41.52 42.1819
1528452128.082066 41.5 42.1478
1528452128.090037 41.77 42.1289
1528452128.098157 41.93 42.119
1528452128.106253 42.39 42.1325
1528452128.114303 39.83 42.0174
1528452128.122354 42.82 42.0575
1528452128.130342 41.98 42.0537
1528452128.138400 43.35 42.1185
1528452128.146425 42.55 42.14
1528452128.154553 42.07 42.1365
1528452128.162683 43.14 42.1867
1528452128.170725 39.96 42.0754
1528452128.178825 43.4 42.1416
1528452128.186971 42.43 42.156
1528452128.195046 41.79 42.1377
1528452128.203215 40.69 42.0653
1528452128.211361 43.36 42.1301
1528452128.219519 42.47 42.1471
1528452128.227705 41.86 42.1327
1528452128.235724 40.52 42.0521
1528452128.243927 43.08 42.1035
1528452128.251999 42.85 42.1408
1528452128.260093 42.46 42.1568
1528452128.268295 42.75 42.1864
1528452128.276363 41.23 42.1386
1528452128.284646 41.93 42.1282
1528452128.292742 43.35 42.1893
1528452128.300746 41.17 42.1383
1528452128.308958 41.94 42.1284
1528452128.316962 41.23 42.0835
1528452128.325075 41.8 42.0693
1528452128.333252 42.08 42.0698
1528452128.341227 41.57 42.0448
1528452128.349295 41.92 42.0386
1528452128.357463 40.97 41.9852
1528452128.365575 41.68 41.9699
1528452128.373574 42.07 41.9749
1528452128.381761 40.98 41.9252
1528452128.389867 42.96 41.9769
1528452128.397913 42.82 42.0191
1528452128.406150 42.33 42.0346
1528452128.414223 41.28 41.9969
1528452128.422437 43.42 42.068
1528452128.430331 40.76 42.0026
1528452128.438587 43.18 42.0615
1528452128.446732 42.25 42.0709
1528452128.454816 42.11 42.0729
1528452128.463003 43.64 42.1512
1528452128.470967 41.18 42.1027
1528452128.479099 42.04 42.0995
1528452128.487304 42.71 42.1301
1528452128.495330 41.47 42.0971
1528452128.503372 43.02 42.1432
1528452128.511421 41.22 42.097
1528452128.519419 41.86 42.0852
1528452128.527488 41.18 42.0399
1528452128.535598 42.73 42.0744
1528452128.543773 42.35 42.0882
1528452128.551781 43.44 42.1558
1528452128.559849 41.71 42.1335
1528452128.567989 41.44 42.0988
1528452128.576115 42.87 42.1374
1528452128.584197 42.82 42.1715
1528452128.592322 42.53 42.1895
1528452128.600480 43.04 42.232
1528452128.608570 42.33 42.2369
1528452128.616588 42.14 42.232
1528452128.624711 41.81 42.2109
1528452128.632875 42.27 42.2139
1528452128.640831 41.46 42.1762
1528452128.648952 40.93 42.1139
1528452128.657114 42.53 42.1347
1528452128.665263 42.78 42.167
1528452128.673515 43.14 42.2156
1528452128.681626 43.21 42.2653
1528452128.689703 40.54 42.1791
1528452128.697900 40.19 42.0796
1528452128.705959 41.06 42.0286
1528452128.713950 41.89 42.0217
1528452128.722077 41.08 41.9746
1528452128.730292 40.22 41.8869
1528452128.738314 42.99 41.942
1528452128.746642 41.23 41.9064
1528452128.754415 42.45 41.9336
1528452128.762432 42.23 41.9484
1528452128.770561 41.04 41.903
1528452128.778514 42.18 41.9169
1528452128.786643 42.61 41.9515
1528452128.794761 41.86 41.9469
1528452128.802907 41.37 41.9181
1528452128.811008 41.25 41.8847
1528452128.819010 41.94 41.8875
1528452128.827045 41.58 41.8721
1528452128.835713 41.43 41.85
1528452128.843105 41.5 41.8325
1528452128.851293 40.37 41.7594
1528452128.859447 40.49 41.6959
1528452128.867467 41.77 41.6996
1528452128.875549 40.53 41.6411
1528452128.883668 41.22 41.6201
1528452128.891808 42.87 41.6826
1528452128.899796 41.39 41.6679
1528452128.907800 41.68 41.6685
1528452128.915940 43.42 41.7561
1528452128.923936 42.32 41.7843
1528452128.932162 41.51 41.7706
1528452128.940117 43.82 41.8731
1528452128.948195 41.72 41.8654
1528452128.956340 40.87 41.8156
1528452128.964397 41.62 41.8059
1528452128.972549 42.26 41.8286
1528452128.980620 43.85 41.9296
1528452128.988812 41.09 41.8876
1528452128.996872 41.14 41.8503
1528452129.004933 42 41.8578
1528452129.013090 40.65 41.7974
1528452129.021398 42.61 41.838
1528452129.029285 40.46 41.7691
1528452129.037412 42.29 41.7951
1528452129.045596 44.12 41.9114
1528452129.053647 41.68 41.8998
1528452129.061863 41.44 41.8768
1528452129.070094 41.26 41.846
1528452129.078069 40.44 41.7757
1528452129.086202 41.57 41.7654
1528452129.094290 39.52 41.6531
1528452129.102517 42.39 41.69
1528452129.110607 41.81 41.696
1528452129.118746 40.32 41.6272
1528452129.126841 40.77 41.5843
1528452129.134999 40.22 41.5161
1528452129.142954 43.6 41.6203
1528452129.151155 41.02 41.5903
1528452129.159163 41.32 41.5768
1528452129.167312 40.3 41.5129
1528452129.175437 40.8 41.4773
1528452129.183658 42.39 41.5229
1528452129.191670 41.3 41.5118
1528452129.199807 42.07 41.5397
1528452129.207930 41.89 41.5572
1528452129.216078 40.64 41.5113
1528452129.224268 41.75 41.5233
1528452129.232314 42.72 41.5831
1528452129.240470 41.6 41.584
1528452129.248595 41.32 41.5708
1528452129.256735 41.44 41.5642
1528452129.264765 42.24 41.598
1528452129.272897 41.36 41.5861
1528452129.281024 41.69 41.5913
1528452129.289148 41.17 41.5702
1528452129.297202 41.5 41.5667
1528452129.305454 42.66 41.6214
1528452129.313356 41.48 41.6143
1528452129.321551 41.48 41.6076
1528452129.329650 40.65 41.5597
1528452129.337790 41.26 41.5447
1528452129.345930 41.86 41.5605
1528452129.354056 41.87 41.576
1528452129.362006 41.36 41.5652
1528452129.370197 41.87 41.5804
1528452129.378276 41.41 41.5719
1528452129.386328 42.4 41.6133
1528452129.394363 42.08 41.6366
1528452129.402513 42.11 41.6603
1528452129.410610 40.82 41.6183
1528452129.418594 40.84 41.5794
1528452129.426813 41.89 41.5949
1528452129.434893 41.18 41.5742
1528452129.443091 41.87 41.589
1528452129.451180 41.53 41.586
1528452129.459295 42.39 41.6262
1528452129.467294 41.77 41.6334
1528452129.475456 40.59 41.5812
1528452129.483404 42.11 41.6077
1528452129.491367 41.64 41.6093
1528452129.499679 42.08 41.6328
1528452129.507582 41.01 41.6017
1528452129.515667 40.73 41.5581
1528452129.523657 43.24 41.6422
1528452129.531840 41.71 41.6456
1528452129.539936 42.75 41.7008
1528452129.548159 39.89 41.6103
1528452129.556270 41.81 41.6202
1528452129.564347 43.1 41.6942
1528452129.572540 42.19 41.719
1528452129.580740 41.35 41.7006
1528452129.588702 39.96 41.6135
1528452129.596925 41.98 41.6319
1528452129.605011 41.79 41.6398
1528452129.613078 40.27 41.5713
1528452129.621216 41.12 41.5487
1528452129.629196 42.58 41.6003
1528452129.637172 41.17 41.5788
1528452129.645274 41.36 41.5678
1528452129.653275 41.72 41.5754
1528452129.661457 41.26 41.5597
1528452129.669552 42.09 41.5862
1528452129.677715 42.15 41.6144
1528452129.685743 41.58 41.6127
1528452129.693873 42.22 41.643
1528452129.701999 42.69 41.6954
1528452129.710083 42.25 41.7231
1528452129.718252 40.05 41.6394
1528452129.726334 40.63 41.589
1528452129.734439 42.68 41.6435
1528452129.742630 40.97 41.6099
1528452129.750604 41.59 41.6089
1528452129.758570 42.21 41.6389
1528452129.766611 40.44 41.579
1528452129.774716 42.53 41.6265
1528452129.782926 40.9 41.5902
1528452129.791004 40.27 41.5242
1528452129.798970 40.53 41.4745
1528452129.807095 40.3 41.4158
1528452129.815289 40.27 41.3585
1528452129.823397 41.83 41.382
1528452129.831516 40.83 41.3544
1528452129.839694 41.04 41.3387
1528452129.847822 42.33 41.3883
1528452129.855887 41.97 41.4174
1528452129.864084 39.34 41.3135
1528452129.872170 42.08 41.3518
1528452129.880297 42.69 41.4187
1528452129.888318 40.76 41.3858
1528452129.896332 42.12 41.4225
1528452129.904397 41.26 41.4144
1528452129.912445 41.96 41.4417
1528452129.920559 41.42 41.4406
1528452129.928633 41.11 41.424
1528452129.936747 39.62 41.3338
1528452129.944936 41.04 41.3192
1528452129.952997 42.54 41.3802
1528452129.961110 40.51 41.3367
1528452129.969289 42.16 41.3779
1528452129.977339 40.98 41.358
1528452129.985489 40.98 41.3391
1528452129.993691 41.99 41.3716
1528452130.001833 41.11 41.3585
1528452130.010002 40.12 41.2966
1528452130.018145 40.33 41.2483
1528452130.026202 40.06 41.1889
1528452130.034384 41.19 41.1889
1528452130.042555 41.14 41.1865
1528452130.050539 42.4 41.2471
1528452130.058597 43.03 41.3363
1528452130.066781 41.54 41.3465
1528452130.074928 40.15 41.2867
1528452130.083051 41.44 41.2943
1528452130.091098 40.54 41.2566
1528452130.099011 41.34 41.2608
1528452130.107146 40.6 41.2277
1528452130.115409 39.34 41.1333
1528452130.123415 41.56 41.1547
1528452130.131595 39.9 41.0919
1528452130.139724 40.37 41.0558
1528452130.147828 42.03 41.1046
1528452130.155884 41.14 41.1063
1528452130.164001 43.5 41.226
1528452130.172127 41.45 41.2372
1528452130.180242 40.36 41.1934
1528452130.188238 40.45 41.1562
1528452130.196341 41.2 41.1584
1528452130.204392 42.83 41.242
1528452130.212539 40.16 41.1879
1528452130.220678 41.24 41.1905
1528452130.228751 41.59 41.2104
1528452130.236833 41.52 41.2259
1528452130.244991 41.13 41.2211
1528452130.253195 41.43 41.2316
1528452130.261135 43.03 41.3215
1528452130.269264 38.96 41.2034
1528452130.277368 41.08 41.1972
1528452130.285506 40.45 41.1599
1528452130.293655 40.66 41.1349
1528452130.301903 42.14 41.1851
1528452130.309989 39.57 41.1044
1528452130.317998 43.11 41.2047
1528452130.326163 43.01 41.2949
1528452130.334379 40.01 41.2307
1528452130.342373 41.77 41.2577
1528452130.350519 41.78 41.2838
1528452130.358619 41.19 41.2791
1528452130.366745 41.86 41.3081
1528452130.374785 42.6 41.3727
1528452130.382961 40.33 41.3206
1528452130.391132 39.55 41.2321
1528452130.399284 41.51 41.246
1528452130.407476 40.25 41.1962
1528452130.415390 39.88 41.1303
1528452130.423390 41.27 41.1373
1528452130.431387 39.63 41.062
1528452130.439484 40.3 41.0239
1528452130.447691 43 41.1227
1528452130.455773 39.37 41.035
1528452130.463998 40.97 41.0318
1528452130.472081 40.77 41.0187
1528452130.480254 42.19 41.0773
1528452130.488332 40.51 41.0489
1528452130.496326 40 40.9965
1528452130.504446 42.61 41.0771
1528452130.512580 40.63 41.0548
1528452130.520674 40.02 41.003
1528452130.528737 40.09 40.9574
1528452130.536860 40.69 40.944
1528452130.544967 41.25 40.9593
1528452130.553166 40.73 40.9478
1528452130.561013 40.84 40.9425
1528452130.569220 40.72 40.9313
1528452130.577346 41.98 40.9838
1528452130.585488 41.93 41.0311
1528452130.593645 40.95 41.027
1528452130.601879 41.13 41.0322
1528452130.609967 40.3 40.9956
1528452130.618065 39.83 40.9373
1528452130.626192 40.06 40.8934
1528452130.634365 40.37 40.8673
1528452130.642454 41.43 40.8954
1528452130.650512 40.23 40.8621
1528452130.658689 41.3 40.884
1528452130.666789 40.93 40.8863
1528452130.675046 41.47 40.9155
1528452130.682996 41.47 40.9432
1528452130.691104 41.13 40.9526
1528452130.699244 41.49 40.9794
1528452130.707277 42.06 41.0335
1528452130.715304 41.05 41.0343
1528452130.723584 40.85 41.0251
1528452130.731664 41.02 41.0248
1528452130.739803 39.93 40.9701
1528452130.747972 41.02 40.9726
1528452130.755904 40.58 40.9529
1528452130.765150 41.32 40.9713
1528452130.772175 41.81 41.0132
1528452130.780122 40.91 41.0081
1528452130.788347 39.94 40.9547
1528452130.796464 42.22 41.0179
1528452130.804637 40.16 40.975
1528452130.812655 40.32 40.9423
1528452130.820744 41.66 40.9782
1528452130.828937 39.43 40.9008
1528452130.836944 41.23 40.9172
1528452130.845000 41.44 40.9434
1528452130.853215 40.78 40.9352
1528452130.861297 40.89 40.9329
1528452130.869420 41.18 40.9453
1528452130.877644 40.76 40.936
1528452130.885691 42.36 41.0072
1528452130.893897 40.36 40.9749
1528452130.901965 41.32 40.9921
1528452130.910258 41.11 40.998
1528452130.918169 40.72 40.9841
1528452130.926330 39.48 40.9089
1528452130.934382 40.33 40.88
1528452130.942420 43.1 40.991
1528452130.950553 41.36 41.0094
1528452130.958850 39.77 40.9474
1528452130.966861 40.99 40.9496
1528452130.974833 40.36 40.9201
1528452130.983021 40.72 40.9101
1528452130.991166 41.2 40.9246
1528452130.999326 41.79 40.9679
1528452131.007396 41.27 40.983
1528452131.015533 40.74 40.9708
1528452131.023653 40.28 40.9363
1528452131.031766 42.26 41.0025
1528452131.039906 38.66 40.8853
1528452131.048034 41.47 40.9146
1528452131.056172 42.04 40.9708
1528452131.064298 39.25 40.8848
1528452131.072428 41.47 40.9141
1528452131.080415 39.48 40.8424
1528452131.088731 40.63 40.8317
1528452131.096525 42.11 40.8957
1528452131.104642 41.47 40.9244
1528452131.112789 40.15 40.8857
1528452131.120992 41.54 40.9184
1528452131.129263 39.95 40.8699
1528452131.137098 41.83 40.918
1528452131.145194 41.52 40.9481
1528452131.153336 40.51 40.9262
1528452131.161239 40.76 40.9178
1528452131.169423 40.31 40.8875
1528452131.177384 41.04 40.8951
1528452131.185694 42 40.9503
1528452131.193440 40.21 40.9133
1528452131.201647 39.97 40.8661
1528452131.209738 42.53 40.9493
1528452131.217812 40.45 40.9244
1528452131.225994 39.79 40.8677
1528452131.233977 41.68 40.9083
1528452131.242089 41.49 40.9374
1528452131.250198 40.54 40.9175
1528452131.258384 41.25 40.9341
1528452131.266346 40.37 40.9059
1528452131.274665 40.77 40.8991
1528452131.282698 41.73 40.9407
1528452131.290871 39.41 40.8641
1528452131.298947 39.25 40.7834
1528452131.307109 40.45 40.7667
1528452131.315210 40.77 40.7669
1528452131.323400 41.01 40.7791
1528452131.331454 41.3 40.8051
1528452131.339690 42.28 40.8789
1528452131.347697 42 40.9349
1528452131.355682 40.68 40.9222
1528452131.363834 41.33 40.9426
1528452131.371958 41.16 40.9534
1528452131.380096 40.8 40.9458
1528452131.388282 40.89 40.943
1528452131.396340 40.8 40.9358
1528452131.404497 41.47 40.9625
1528452131.412730 39.45 40.8869
1528452131.420792 40.3 40.8576
1528452131.428746 38.73 40.7512
1528452131.436903 41.51 40.7891
1528452131.444928 41.91 40.8452
1528452131.453082 41.25 40.8654
1528452131.461203 41.11 40.8776
1528452131.469163 41.3 40.8988
1528452131.477366 39.73 40.8403
1528452131.485480 40.94 40.8453
1528452131.493615 41.01 40.8535
1528452131.501670 39.45 40.7834
1528452131.509905 41.52 40.8202
1528452131.517877 40.84 40.8212
1528452131.525849 39.89 40.7746
1528452131.533980 40.33 40.7524
1528452131.542224 41.43 40.7863
1528452131.550355 40.51 40.7725
1528452131.558381 41.43 40.8053
1528452131.566592 40.45 40.7876
1528452131.574641 41.1 40.8032
1528452131.582729 41.58 40.842
1528452131.590908 41.4 40.8699
1528452131.598979 40.82 40.8674
1528452131.607139 40.77 40.8626
1528452131.615230 41.54 40.8964
1528452131.623400 41.93 40.9481
1528452131.631570 41.84 40.9927
1528452131.639767 40.2 40.9531
1528452131.647878 41.83 40.9969
1528452131.656001 40.29 40.9616
1528452131.664104 39.83 40.905
1528452131.672229 43.08 41.0137
1528452131.680366 41.46 41.0361
1528452131.688318 41.04 41.0363
1528452131.696435 40.76 41.0224
1528452131.704582 42.09 41.0758
1528452131.712756 41.21 41.0825
1528452131.720900 40.98 41.0774
1528452131.729048 40.23 41.035
1528452131.737250 40.32 40.9993
1528452131.745238 41.25 41.0118
1528452131.753472 40.44 40.9832
1528452131.761534 40.12 40.9401
1528452131.769690 40.98 40.9421
1528452131.777811 41.91 40.9905
1528452131.786012 40.95 40.9884
1528452131.794165 42.21 41.0495
1528452131.802065 41.67 41.0805
1528452131.810231 41.68 41.1105
1528452131.818333 40.97 41.1035
1528452131.826476 40.25 41.0608
1528452131.834498 42.14 41.1148
1528452131.842660 42.6 41.189
1528452131.850765 40.7 41.1646
1528452131.858973 40.97 41.1549
1528452131.866943 42 41.1971
1528452131.875115 40.97 41.1858
1528452131.883242 40.14 41.1335
1528452131.891261 41.47 41.1503
1528452131.899487 42.08 41.1968
1528452131.907468 40.01 41.1374
1528452131.915696 41.33 41.1471
1528452131.923584 41.69 41.1742
1528452131.931758 41.29 41.18
1528452131.939900 41.61 41.2015
1528452131.947881 41.04 41.1934
1528452131.955995 40.65 41.1663
1528452131.964115 42.56 41.2359
1528452131.972237 40.68 41.2081
1528452131.980390 41.66 41.2307
1528452131.988515 41.18 41.2282
1528452131.996687 40.22 41.1778
1528452132.004671 40.68 41.1529
1528452132.012771 40.15 41.1028
1528452132.020862 41.85 41.1401
1528452132.029020 41.76 41.1711
1528452132.037102 40.55 41.1401
1528452132.045612 42.19 41.1926
1528452132.053383 40.83 41.1744
1528452132.061644 40.01 41.1162
1528452132.069793 40.17 41.0689
1528452132.077841 40.19 41.025
1528452132.085829 40.22 40.9847
1528452132.093988 40.35 40.953
1528452132.102190 39.69 40.8898
1528452132.110117 41.79 40.9348
1528452132.118216 41.62 40.9691
1528452132.126367 40.69 40.9551
1528452132.134526 40.92 40.9534
1528452132.142569 41.05 40.9582
1528452132.150585 41.43 40.9818
1528452132.158834 41.02 40.9837
1528452132.166961 41.86 41.0275
1528452132.175120 41.01 41.0266
1528452132.183145 42.01 41.0758
1528452132.191319 42.71 41.1575
1528452132.199468 40.19 41.1091
1528452132.207600 41.26 41.1167
1528452132.215668 40.71 41.0964
1528452132.223799 43.01 41.192
1528452132.231938 40.72 41.1684
1528452132.239904 41.81 41.2005
1528452132.248058 40.91 41.186
1528452132.256222 42.13 41.2332
1528452132.264289 39.77 41.16
1528452132.272432 41.1 41.157
1528452132.280713 40.98 41.1482
1528452132.288664 40.76 41.1288
1528452132.296845 41.18 41.1313
1528452132.305086 41.95 41.1723
1528452132.313147 40.58 41.1426
1528452132.321244 41.11 41.141
1528452132.329556 40.01 41.0845
1528452132.337469 41.42 41.1012
1528452132.345654 40.65 41.0787
1528452132.353691 40.44 41.0467
1528452132.361883 41.41 41.0649
1528452132.370001 41.44 41.0837
1528452132.378157 40.3 41.0445
1528452132.386280 40.79 41.0318
1528452132.394303 41.94 41.0772
1528452132.402446 41.77 41.1118
1528452132.410495 41.05 41.1087
1528452132.418624 40.97 41.1018
1528452132.426891 39.84 41.0387
1528452132.434939 39.92 40.9828
1528452132.443152 41.32 40.9996
1528452132.451169 41.7 41.0346
1528452132.459116 39.99 40.9824
1528452132.467198 39.39 40.9028
1528452132.475287 40.15 40.8651
1528452132.483457 40.5 40.8469
1528452132.491436 39.84 40.7965
1528452132.499607 41.56 40.8347
1528452132.507725 42.12 40.899
1528452132.515865 42.81 40.9945
1528452132.523986 40.97 40.9933
1528452132.532181 41.65 41.0261
1528452132.540221 41.44 41.0468
1528452132.548223 43.35 41.162
1528452132.556448 41.97 41.2024
1528452132.564605 42.26 41.2553
1528452132.572677 42.03 41.294
1528452132.580801 40.49 41.2538
1528452132.589002 39.84 41.1831
1528452132.597079 40.08 41.128
1528452132.605135 42.19 41.1811
1528452132.613090 41.32 41.188
1528452132.621309 41.83 41.2201
1528452132.629420 41.18 41.2181
1528452132.637365 40.16 41.1652
1528452132.645533 42.73 41.2434
1528452132.653531 41.46 41.2543
1528452132.661650 39.1 41.1466
1528452132.669457 40.9 41.1342
1528452132.677761 42.51 41.203
1528452132.685645 41.79 41.2324
1528452132.693814 39.31 41.1362
1528452132.702014 40.72 41.1154
1528452132.710054 42.24 41.1717
1528452132.718175 40.4 41.1331
1528452132.726135 41.25 41.1389
1528452132.734275 40.59 41.1115
1528452132.742324 42.32 41.1719
1528452132.750428 41.04 41.1653
1528452132.758283 40.89 41.1515
1528452132.766612 40.62 41.125
1528452132.774574 40.15 41.0762
1528452132.782782 41.86 41.1154
1528452132.790873 39.87 41.0531
1528452132.799101 42.38 41.1195
1528452132.806984 41.51 41.139
1528452132.815150 41.76 41.1701
1528452132.823320 40.57 41.1401
1528452132.831390 41.75 41.1706
1528452132.839402 44.17 41.3205
1528452132.847524 40.36 41.2725
1528452132.855792 40.75 41.2464
1528452132.863717 42.2 41.2941
1528452132.871945 40.27 41.2429
1528452132.879992 41.05 41.2332
1528452132.887869 41.92 41.2675
1528452132.896035 41.75 41.2917
1528452132.904165 42.01 41.3276
1528452132.912371 41.13 41.3177
1528452132.920439 42.66 41.3848
1528452132.928571 43.04 41.4676
1528452132.936731 41.29 41.4587
1528452132.944978 42.82 41.5268
1528452132.952844 40.27 41.4639
1528452132.961035 41.71 41.4762
1528452132.969218 41.32 41.4684
1528452132.977253 41.81 41.4855
1528452132.985385 41.04 41.4632
1528452132.993431 42.21 41.5006
1528452133.001341 42.4 41.5455
1528452133.009406 40.98 41.5173
1528452133.017503 40.76 41.4794
1528452133.025542 39.18 41.3644
1528452133.033649 41.11 41.3517
1528452133.041766 42.76 41.4221
1528452133.050006 42.34 41.468
1528452133.058026 41.51 41.4701
1528452133.066253 40.39 41.4161
1528452133.074342 40.48 41.3693
1528452133.082457 42.01 41.4013
1528452133.090501 41.42 41.4023
1528452133.098684 41.54 41.4092
1528452133.106668 41.45 41.4112
1528452133.114858 42.18 41.4496
1528452133.123020 40.91 41.4227
1528452133.131296 41.11 41.407
1528452133.139370 41.25 41.3992
1528452133.147395 41.75 41.4167
1528452133.155420 40.66 41.3789
1528452133.163590 42.31 41.4254
1528452133.171797 43.48 41.5282
1528452133.179878 42.18 41.5608
1528452133.188035 41.77 41.5712
1528452133.196258 41.22 41.5537
1528452133.204241 43.07 41.6295
1528452133.212385 41.12 41.604
1528452133.220469 40.69 41.5583
1528452133.228588 41.85 41.5729
1528452133.236702 41.33 41.5607
1528452133.244943 42.18 41.5917
1528452133.253023 40.7 41.5471
1528452133.261198 40.62 41.5008
1528452133.269250 42.21 41.5362
1528452133.277358 42.26 41.5724
1528452133.285411 41.62 41.5748
1528452133.293635 41.25 41.5586
1528452133.301618 39.75 41.4681
1528452133.309697 41.33 41.4612
1528452133.317847 41.32 41.4542
1528452133.325838 41.33 41.4479
1528452133.333997 41.75 41.4631
1528452133.341938 42 41.4899
1528452133.350061 40.65 41.4479
1528452133.358054 41.47 41.449
1528452133.366226 42.46 41.4996
1528452133.374340 40.7 41.4596
1528452133.382498 40.59 41.4161
1528452133.390610 41.84 41.4373
1528452133.398709 42.46 41.4884
1528452133.406658 41.48 41.488
1528452133.414906 41.28 41.4776
1528452133.423022 41.89 41.4982
1528452133.431161 39.94 41.4203
1528452133.439135 43.36 41.5173
1528452133.447124 40.7 41.4764
1528452133.455223 41.72 41.4886
1528452133.463212 41.74 41.5012
1528452133.471271 41.11 41.4816
1528452133.479404 41.13 41.464
1528452133.487475 44.24 41.6028
1528452133.495481 41.93 41.6192
1528452133.503587 40.49 41.5627
1528452133.511592 39.5 41.4596
1528452133.519767 42.37 41.5051
1528452133.527809 43.96 41.6279
1528452133.536000 42.92 41.6925
1528452133.544013 41.64 41.6898
1528452133.552199 41.5 41.6804
1528452133.560120 41.81 41.6868
1528452133.568236 42.21 41.713
1528452133.576152 40.5 41.6523
1528452133.584139 42.63 41.7012
1528452133.592330 42.36 41.7342
1528452133.600451 41.43 41.719
1528452133.608380 41.23 41.6945
1528452133.616640 40.46 41.6328
1528452133.624572 42.25 41.6636
1528452133.632704 41.25 41.643
1528452133.640812 42.53 41.6873
1528452133.648989 42.05 41.7055
1528452133.657108 41.52 41.6962
1528452133.665223 41.48 41.6854
1528452133.673427 42.44 41.7231
1528452133.681363 42.89 41.7814
1528452133.689531 41.64 41.7744
1528452133.697626 40.72 41.7217
1528452133.705884 40.89 41.6801
1528452133.713879 41.86 41.6891
1528452133.722068 42.33 41.7211
1528452133.730130 42.41 41.7556
1528452133.738133 41.34 41.7348
1528452133.746246 41.64 41.73
1528452133.754363 40.73 41.68
1528452133.762552 41.94 41.693
1528452133.770613 40.64 41.6404
1528452133.778600 40.24 41.5704
1528452133.786669 41.97 41.5903
1528452133.794828 43.53 41.6873
1528452133.802924 42 41.703
1528452133.811029 43.03 41.7693
1528452133.819231 41.08 41.7349
1528452133.827342 40.2 41.6581
1528452133.835453 42.18 41.6842
1528452133.843628 41.33 41.6665
1528452133.851561 41.51 41.6587
1528452133.859740 42.2 41.6857
1528452133.867768 41.97 41.6999
1528452133.875858 42.81 41.7555
1528452133.884054 43.05 41.8202
1528452133.892124 41.23 41.7907
1528452133.900299 43.34 41.8681
1528452133.908350 41.82 41.8657
1528452133.916397 41.19 41.8319
1528452133.924568 43.25 41.9028
1528452133.932646 42.05 41.9102
1528452133.940762 41.57 41.8932
1528452133.949006 42.68 41.9325
1528452133.957090 41.05 41.8884
1528452133.965228 42.37 41.9125
1528452133.973471 41.51 41.8924
1528452133.981489 41 41.8477
1528452133.989504 42.61 41.8859
1528452133.997512 40.94 41.8386
1528452134.005409 42.23 41.8581
1528452134.013579 41.62 41.8462
1528452134.021758 42.92 41.8999
1528452134.029949 42.64 41.9369
1528452134.038013 42.75 41.9776
1528452134.045963 41.33 41.9452
1528452134.054176 40.26 41.8609
1528452134.062291 41.73 41.8544
1528452134.070395 42.82 41.9027
1528452134.078667 42.4 41.9275
1528452134.086706 43.43 42.0027
1528452134.094559 42.29 42.017
1528452134.102702 41.83 42.0077
1528452134.110825 41.39 41.9768
1528452134.119032 42.29 41.9925
1528452134.127089 42.59 42.0223
1528452134.135038 40.7 41.9562
1528452134.143155 40.44 41.8804
1528452134.151217 41.14 41.8434
1528452134.159312 43.07 41.9047
1528452134.167499 41.93 41.906
1528452134.175602 41.68 41.8947
1528452134.183809 42.53 41.9264
1528452134.191918 43.11 41.9856
1528452134.200013 43.07 42.0398
1528452134.208242 41.58 42.0168
1528452134.216280 41.62 41.997
1528452134.224436 41.37 41.9657
1528452134.232359 42.16 41.9754
1528452134.240468 41.39 41.9461
1528452134.248585 42.18 41.9578
1528452134.256768 41.05 41.9124
1528452134.264725 41.93 41.9133
1528452134.272837 41.18 41.8766
1528452134.280825 43.57 41.9613
1528452134.289028 42.94 42.0102
1528452134.296989 42.89 42.0542
1528452134.305073 42 42.0515
1528452134.313219 40.82 41.9899
1528452134.321243 41.44 41.9624
1528452134.329253 41.66 41.9473
1528452134.337372 41.97 41.9484
1528452134.345583 43.14 42.008
1528452134.353677 41.86 42.0006
1528452134.361814 42.95 42.0481
1528452134.369887 41.5 42.0207
1528452134.377808 42.82 42.0607
1528452134.385871 41.93 42.0541
1528452134.394095 42.54 42.0784
1528452134.402196 41.57 42.053
1528452134.410350 41.55 42.0278
1528452134.418494 43.77 42.115
1528452134.426606 42.65 42.1417
1528452134.434565 41.86 42.1276
1528452134.442562 40.97 42.0697
1528452134.450724 41.32 42.0323
1528452134.458847 40.9 41.9756
1528452134.467042 42.53 42.0034
1528452134.475172 40.97 41.9517
1528452134.483236 41.48 41.9281
1528452134.491249 44.11 42.0372
1528452134.499304 41.29 41.9998
1528452134.507464 41.79 41.9893
1528452134.515579 41.11 41.9454
1528452134.523638 43.35 42.0156
1528452134.531651 43.14 42.0718
1528452134.539813 41.1 42.0232
1528452134.547889 41.98 42.0211
1528452134.556008 42.14 42.027
1528452134.564029 40.25 41.9382
1528452134.572229 41.9 41.9363
1528452134.580286 42.25 41.952
1528452134.588435 42 41.9544
1528452134.596551 41.79 41.9461
1528452134.604731 41.43 41.9203
1528452134.613077 40.54 41.8513
1528452134.620854 39.82 41.7497
1528452134.628962 41.63 41.7438
1528452134.637158 42.53 41.7831
1528452134.645354 42.15 41.8014
1528452134.653500 42.1 41.8163
1528452134.661562 41.44 41.7975
1528452134.669568 41.85 41.8002
1528452134.677756 42.11 41.8156
1528452134.685831 42.68 41.8589
1528452134.693962 42.43 41.8874
1528452134.702054 42.39 41.9125
1528452134.710168 41.9 41.9119
1528452134.718409 41.12 41.8723
1528452134.726573 40.19 41.7882
1528452134.734656 41.66 41.7818
1528452134.742759 42.4 41.8127
1528452134.750946 40.84 41.7641
1528452134.758975 41.58 41.7549
1528452134.767154 41.03 41.7186
1528452134.775286 41.92 41.7287
1528452134.783286 40.09 41.6468
1528452134.791286 41.6 41.6444
1528452134.799373 44.1 41.7672
1528452134.807404 41.75 41.7663
1528452134.815430 42.06 41.781
1528452134.823552 42.36 41.81
1528452134.831727 42.47 41.843
1528452134.839826 41.28 41.8148
1528452134.847948 42.75 41.8616
1528452134.856055 41.11 41.824
1528452134.864199 42.51 41.8583
1528452134.872339 40.76 41.8034
1528452134.880440 42.64 41.8452
1528452134.888568 42.61 41.8835
1528452134.896669 41.58 41.8683
1528452134.904676 40.62 41.8059
1528452134.912869 42.39 41.8351
1528452134.920935 42.69 41.8778
1528452134.929034 41.32 41.8499
1528452134.937236 42.43 41.8789
1528452134.945307 42.96 41.933
1528452134.953326 41.97 41.9348
1528452134.961493 42 41.9381
1528452134.969374 40.57 41.8697
1528452134.977558 43.37 41.9447
1528452134.985687 43.21 42.008
1528452134.993870 42.16 42.0156
1528452135.001978 42.11 42.0203
1528452135.010444 42.49 42.0438
1528452135.018184 42.66 42.0746
1528452135.026410 40.93 42.0174
1528452135.034570 41.04 41.9685
1528452135.042653 41.94 41.9671
1528452135.050713 42.27 41.9822
1528452135.058910 41.66 41.9661
1528452135.067035 42.43 41.9893
1528452135.075243 44.24 42.1018
1528452135.083271 40.15 42.0042
1528452135.091446 42.33 42.0205
1528452135.099292 42.7 42.0545
1528452135.107431 41.41 42.0223
1528452135.115622 42 42.0212
1528452135.123596 41.72 42.0061
1528452135.131665 41.86 41.9988
1528452135.139706 43.32 42.0649
1528452135.147857 42.11 42.0671
1528452135.155860 42.39 42.0833
1528452135.163994 42.94 42.1261
1528452135.172104 43.25 42.1823
1528452135.180260 42.08 42.1772
1528452135.188411 41.24 42.1303
1528452135.196572 41.76 42.1118
1528452135.204556 42.04 42.1082
1528452135.212727 42.14 42.1098
1528452135.220860 41.43 42.0758
1528452135.229015 42.57 42.1005
1528452135.237180 40.36 42.0135
1528452135.245215 42.39 42.0323
1528452135.253337 40.69 41.9652
1528452135.261479 42.25 41.9794
1528452135.269562 42.21 41.991
1528452135.277736 42.11 41.9969
1528452135.285798 43.32 42.0631
1528452135.294074 40.82 42.0009
1528452135.302016 40.77 41.9394
1528452135.310093 43.07 41.9959
1528452135.318251 42.78 42.0351
1528452135.326317 41.81 42.0239
1528452135.334423 42.32 42.0387
1528452135.342547 42.26 42.0497
1528452135.350667 41.36 42.0152
1528452135.358790 41.48 41.9885
1528452135.366855 41.1 41.9441
1528452135.374980 40.37 41.8654
1528452135.383131 42.09 41.8766
1528452135.391116 40.95 41.8303
1528452135.399249 42.46 41.8617
1528452135.407327 40.89 41.8132
1528452135.415445 41.38 41.7915
1528452135.423648 41.51 41.7774
1528452135.431851 43.16 41.8466
1528452135.439827 40.67 41.7877
1528452135.447905 42.47 41.8218
1528452135.456095 41.97 41.8292
1528452135.464215 42.39 41.8573
1528452135.472421 41.55 41.8419
1528452135.480549 41.78 41.8388
1528452135.488654 42.19 41.8564
1528452135.496685 43.85 41.9561
1528452135.504750 42.63 41.9898
1528452135.512923 41.79 41.9798
1528452135.521028 40.31 41.8963
1528452135.529216 42.29 41.916
1528452135.537227 42.39 41.9397
1528452135.545315 42.45 41.9652
1528452135.553462 42.32 41.9829
1528452135.561553 42.26 41.9968
1528452135.569654 43.1 42.0519
1528452135.577838 42.44 42.0713
1528452135.585946 40.97 42.0163
1528452135.594055 41.67 41.999
1528452135.602244 40.76 41.937
1528452135.610390 41.86 41.9332
1528452135.618325 40.56 41.8645
1528452135.626413 41.53 41.8478
1528452135.634486 42.42 41.8764
1528452135.642584 41.78 41.8716
1528452135.650617 40.9 41.823
1528452135.658666 41.79 41.8213
1528452135.666901 42.96 41.8783
1528452135.675009 41.66 41.8674
1528452135.682991 42.25 41.8865
1528452135.691144 41.11 41.8477
1528452135.699293 42.08 41.8593
1528452135.707417 41.8 41.8563
1528452135.715543 40.62 41.7945
1528452135.723650 41.75 41.7923
1528452135.731621 42.46 41.8257
1528452135.739731 42.39 41.8539
1528452135.747901 41.01 41.8117
1528452135.755859 40.88 41.7651
1528452135.763995 40.97 41.7254
1528452135.772095 42.16 41.7471
1528452135.780118 42.43 41.7812
1528452135.788109 41.07 41.7457
1528452135.796232 41.75 41.7459
1528452135.804465 43.22 41.8196
1528452135.812441 43.08 41.8826
1528452135.820544 42.97 41.937
1528452135.828652 41.77 41.9286
1528452135.836866 42.2 41.9422
1528452135.844873 41.07 41.8986
1528452135.853137 42.67 41.9372
1528452135.861542 43.04 41.9923
1528452135.869324 41.85 41.9852
1528452135.877527 42.6 42.0159
1528452135.885515 41.71 42.0006
1528452135.893643 42.62 42.0316
1528452135.901785 40.17 41.9385
1528452135.909869 40.79 41.8811
1528452135.917967 42.61 41.9175
1528452135.926060 41.9 41.9167
1528452135.934209 43.28 41.9848
1528452135.942423 41.11 41.9411
1528452135.950408 42.66 41.977
1528452135.958561 42.96 42.0262
1528452135.966740 42.47 42.0484
1528452135.974932 41.32 42.012
1528452135.983036 40.97 41.9599
1528452135.991128 41.62 41.9429
1528452135.999211 40.92 41.8917
1528452136.007364 41.57 41.8756
1528452136.015620 42.11 41.8874
1528452136.023611 41.98 41.892
1528452136.031617 41.33 41.8639
1528452136.039783 43.11 41.9262
1528452136.047968 42.39 41.9494
1528452136.056041 42.94 41.9989
1528452136.064142 41.93 41.9955
1528452136.072202 42.39 42.0152
1528452136.080392 41.72 42.0004
1528452136.088440 40.92 41.9464
1528452136.096675 41.17 41.9076
1528452136.104482 43.99 42.0117
1528452136.112651 41.59 41.9906
1528452136.120866 41.75 41.9786
1528452136.128940 41.98 41.9787
1528452136.136992 39.95 41.8772
1528452136.145109 42.53 41.9099
1528452136.153205 42.6 41.9444
1528452136.161347 41.65 41.9297
1528452136.169501 41.81 41.9237
1528452136.177657 42.04 41.9295
1528452136.185648 41.59 41.9125
1528452136.193764 40.74 41.8539
1528452136.201849 42.43 41.8827
1528452136.210106 42.53 41.9151
1528452136.218084 42.28 41.9333
1528452136.226146 42.88 41.9806
1528452136.234123 43.24 42.0436
1528452136.242165 40.26 41.9544
1528452136.250400 41.67 41.9402
1528452136.258415 40.79 41.8827
1528452136.266564 42.82 41.9296
1528452136.274612 41.27 41.8966
1528452136.282826 42.93 41.9483
1528452136.290913 42.61 41.9813
1528452136.298902 42.31 41.9978
1528452136.307050 41.83 41.9894
1528452136.315077 40.36 41.9079
1528452136.323220 40.76 41.8505
1528452136.331352 43.04 41.91
1528452136.339523 41.2 41.8745
1528452136.347572 42.09 41.8853
1528452136.355715 40.71 41.8265
1528452136.363915 41.74 41.8222
1528452136.372030 41.24 41.7931
1528452136.380078 39.51 41.6789
1528452136.388035 40.93 41.6415
1528452136.396210 43.44 41.7314
1528452136.404365 42.01 41.7453
1528452136.412394 42.22 41.7691
1528452136.420348 41.72 41.7666
1528452136.428501 41.33 41.7448
1528452136.436649 40.71 41.693
1528452136.444869 41.95 41.7059
1528452136.453054 42.21 41.7311
1528452136.461137 43.11 41.8
1528452136.469233 40.66 41.743
1528452136.477393 40.68 41.6899
1528452136.485492 41.81 41.6959
1528452136.493617 41.72 41.6971
1528452136.501773 41.95 41.7097
1528452136.509936 41.85 41.7168
1528452136.518135 43.21 41.7914
1528452136.526249 42.75 41.8393
1528452136.534422 40.86 41.7904
1528452136.542403 42.18 41.8099
1528452136.550534 42.53 41.8459
1528452136.558683 43.23 41.9151
1528452136.566786 40.47 41.8428
1528452136.574930 41.78 41.8397
1528452136.583110 43.16 41.9057
1528452136.591096 40.83 41.8519
1528452136.599198 40.44 41.7813
1528452136.607198 41.79 41.7817
1528452136.615272 41.42 41.7637
1528452136.623471 41.43 41.747
1528452136.631605 39.8 41.6496
1528452136.639808 41.18 41.6261
1528452136.647998 40.49 41.5693
1528452136.656001 40.25 41.5034
1528452136.664191 41.31 41.4937
1528452136.672315 40.3 41.434
1528452136.680476 41.64 41.4443
1528452136.688413 41.68 41.4561
1528452136.696508 41.69 41.4678
1528452136.704543 41.26 41.4574
1528452136.712550 41.04 41.4365
1528452136.720772 41.66 41.4477
1528452136.728864 40.17 41.3838
1528452136.737092 41.3 41.3796
1528452136.745073 42.3 41.4257
1528452136.753228 40.89 41.3989
1528452136.761345 42.37 41.4474
1528452136.769555 41.65 41.4576
1528452136.777632 41.04 41.4367
1528452136.785782 41.5 41.4398
1528452136.793906 40.74 41.4049
1528452136.802047 40.8 41.3746
1528452136.810036 40.11 41.3114
1528452136.818221 41.47 41.3193
1528452136.826279 41.71 41.3388
1528452136.834448 41.96 41.3699
1528452136.842558 40.11 41.3069
1528452136.850775 41.51 41.3171
1528452136.858735 41.78 41.3402
1528452136.866838 42 41.3732
1528452136.874998 41.75 41.392
1528452136.883175 40.03 41.3239
1528452136.891267 41.36 41.3257
1528452136.899258 42.04 41.3615
1528452136.907419 41.79 41.3829
1528452136.915579 42.08 41.4177
1528452136.923683 41.11 41.4023
1528452136.931800 42.75 41.4697
1528452136.939891 41.46 41.4692
1528452136.947987 40.15 41.4033
1528452136.956089 41.01 41.3836
1528452136.964178 43.22 41.4754
1528452136.972292 42.5 41.5267
1528452136.980521 42.25 41.5628
1528452136.988597 40.9 41.5297
1528452136.996809 41.12 41.5092
1528452137.004752 42.03 41.5352
1528452137.012883 41.11 41.514
1528452137.020864 41.1 41.4933
1528452137.029028 40.44 41.4406
1528452137.037067 42.39 41.4881
1528452137.045116 40.56 41.4417
1528452137.053312 41.85 41.4621
1528452137.061331 42.24 41.501
1528452137.069582 40.99 41.4754
1528452137.077754 41.36 41.4697
1528452137.085845 40.53 41.4227
1528452137.093942 41.41 41.4221
1528452137.102026 40.54 41.378
1528452137.110201 39.09 41.2636
1528452137.118294 43.14 41.3574
1528452137.126460 40.54 41.3165
1528452137.134583 40.87 41.2942
1528452137.142657 42.36 41.3475
1528452137.150889 41.29 41.3446
1528452137.159049 41.1 41.3324
1528452137.167116 42.75 41.4033
1528452137.175179 42.52 41.4591
1528452137.183331 40.35 41.4036
1528452137.191340 41.28 41.3975
1528452137.199568 41.64 41.4096
1528452137.207632 42.89 41.4836
1528452137.215749 40.97 41.4579
1528452137.223768 40.95 41.4325
1528452137.231947 41.93 41.4574
1528452137.239951 41.17 41.443
1528452137.248073 41.56 41.4489
1528452137.256169 41.14 41.4334
1528452137.264280 41.78 41.4508
1528452137.272370 41.93 41.4747
1528452137.280483 42.39 41.5205
1528452137.288691 40.51 41.47
1528452137.296676 42.59 41.526
1528452137.304819 41.7 41.5347
1528452137.312770 41.77 41.5464
1528452137.320777 41.11 41.5246
1528452137.329060 42.18 41.5574
1528452137.337219 42 41.5795
1528452137.345165 41.18 41.5595
1528452137.353371 41.32 41.5476
1528452137.361464 41.65 41.5527
1528452137.369471 40.5 41.5
1528452137.377480 41.16 41.483
1528452137.385545 41.71 41.4944
1528452137.393575 41.23 41.4812
1528452137.401785 39.48 41.3811
1528452137.409890 40.52 41.3381
1528452137.418020 39.92 41.2672
1528452137.426237 39.94 41.2008
1528452137.434135 41.49 41.2153
1528452137.442228 42.03 41.256
1528452137.450355 39.73 41.1797
1528452137.458337 40.81 41.1612
1528452137.466312 40.91 41.1487
1528452137.474510 40.8 41.1312
1528452137.482578 42.69 41.2092
1528452137.490739 41.47 41.2222
1528452137.498856 40.73 41.1976
1528452137.506916 41.23 41.1992
1528452137.515031 42.51 41.2647
1528452137.523207 42.32 41.3175
1528452137.531347 40.68 41.2856
1528452137.539552 40.71 41.2569
1528452137.547397 40.22 41.205
1528452137.555615 42.07 41.2483
1528452137.563778 41.55 41.2633
1528452137.571769 41.26 41.2632
1528452137.579826 41.43 41.2715
1528452137.588007 42.04 41.3099
1528452137.596097 41.51 41.3199
1528452137.604185 41.7 41.339
1528452137.612365 39.38 41.241
1528452137.620496 41.23 41.2405
1528452137.628439 41.3 41.2434
1528452137.636547 42.32 41.2973
1528452137.644648 39.99 41.2319
1528452137.652718 41.78 41.2593
1528452137.660768 40.49 41.2208
1528452137.668849 39.96 41.1578
1528452137.677102 40.82 41.1409
1528452137.685320 40.5 41.1089
1528452137.693164 41.26 41.1164
1528452137.701361 41.77 41.1491
1528452137.709395 39.48 41.0656
1528452137.717369 40.22 41.0234
1528452137.725445 42.16 41.0802
1528452137.733599 41.06 41.0792
1528452137.741553 40.12 41.0312
1528452137.749685 41.32 41.0457
1528452137.757670 40.5 41.0184
1528452137.765839 42.74 41.1045
1528452137.774046 41.32 41.1152
1528452137.782072 42 41.1595
1528452137.790214 39.54 41.0785
1528452137.798363 39.62 41.0056
1528452137.806603 41.93 41.0518
1528452137.814604 42.14 41.1062
1528452137.822599 39.55 41.0284
1528452137.830708 42.75 41.1145
1528452137.838832 42.39 41.1783
1528452137.846984 41.57 41.1978
1528452137.855127 42.23 41.2494
1528452137.863236 40.95 41.2345
1528452137.871325 41.13 41.2293
1528452137.879379 41.63 41.2493
1528452137.887593 38.51 41.1123
1528452137.895668 40.9 41.1017
1528452137.903741 39.91 41.0421
1528452137.911837 42.11 41.0955
1528452137.919671 43.75 41.2282
1528452137.927841 42.51 41.2923
1528452137.936036 41.97 41.3262
1528452137.944105 41.28 41.3239
1528452137.952090 39.69 41.2422
1528452137.960251 39.43 41.1516
1528452137.968330 41.58 41.173
1528452137.976535 42.26 41.2274
1528452137.984474 40.58 41.195
1528452137.992599 39.71 41.1207
1528452138.000711 41.45 41.1372
1528452138.008756 41.01 41.1308
1528452138.016714 41.55 41.1518
1528452138.024882 41.3 41.1592
1528452138.032920 40.7 41.1363
1528452138.040952 40.09 41.0839
1528452138.049027 40.62 41.0607
1528452138.057029 40.78 41.0467
1528452138.065171 42.75 41.1319
1528452138.073329 42.65 41.2078
1528452138.081464 39.7 41.1324
1528452138.089576 41.82 41.1668
1528452138.097712 41.57 41.1869
1528452138.105861 42.21 41.2381
1528452138.113866 40.98 41.2252
1528452138.121947 40.42 41.1849
1528452138.130096 40.08 41.1297
1528452138.138247 40.97 41.1217
1528452138.146283 41.77 41.1541
1528452138.154319 40.45 41.1189
1528452138.162447 41.54 41.14
1528452138.170644 40.99 41.1325
1528452138.178767 42.11 41.1813
1528452138.186865 40.96 41.1703
1528452138.195014 40.49 41.1363
1528452138.203146 41.5 41.1544
1528452138.211087 40.52 41.1227
1528452138.219124 39.27 41.0301
1528452138.227287 41.09 41.0331
1528452138.235484 40.51 41.0069
1528452138.243540 41.52 41.0326
1528452138.251700 41.51 41.0565
1528452138.259747 41.78 41.0926
1528452138.267806 41.19 41.0975
1528452138.275970 40.15 41.0501
1528452138.284090 41.54 41.0746
1528452138.292234 42.49 41.1454
1528452138.300382 40.96 41.1361
1528452138.308442 41.05 41.1318
1528452138.316683 40.63 41.1067
1528452138.324755 40.44 41.0734
1528452138.332895 41.56 41.0977
1528452138.341002 40.89 41.0873
1528452138.349101 40.3 41.048
1528452138.357230 40.57 41.0241
1528452138.365225 39.86 40.9659
1528452138.373284 41.48 40.9916
1528452138.381341 41.9 41.037
1528452138.389455 40.97 41.0336
1528452138.397495 41.12 41.038
1528452138.405752 41.64 41.0681
1528452138.413810 41.39 41.0842
1528452138.421978 41.75 41.1174
1528452138.429980 39.65 41.0441
1528452138.438071 40.72 41.0279
1528452138.446228 40.83 41.018
1528452138.454367 40.48 40.9911
1528452138.462526 41.7 41.0265
1528452138.470670 41.47 41.0487
1528452138.478731 40.98 41.0453
1528452138.486810 42.53 41.1195
1528452138.494985 40.8 41.1035
1528452138.503106 41.56 41.1264
1528452138.511232 40.18 41.079
1528452138.519308 41.81 41.1156
1528452138.527422 39.94 41.0568
1528452138.535554 41.64 41.086
1528452138.543590 39.76 41.0197
1528452138.551518 40.44 40.9907
1528452138.559672 42.4 41.0611
1528452138.567659 39.48 40.9821
1528452138.575824 39.49 40.9075
1528452138.583768 41.19 40.9216
1528452138.591994 41.54 40.9525
1528452138.599958 43.07 41.0584
1528452138.608071 41.01 41.056
1528452138.616111 41.6 41.0832
1528452138.624223 39.08 40.983
1528452138.632478 41.26 40.9969
1528452138.640670 42.26 41.06
1528452138.648539 41.36 41.075
1528452138.656699 41.79 41.1108
1528452138.664725 38.94 41.0022
1528452138.672792 39.92 40.9481
1528452138.680854 40.34 40.9177
1528452138.688925 39.12 40.8278
1528452138.697057 41.71 40.8719
1528452138.704992 42.12 40.9343
1528452138.713164 40.79 40.9271
1528452138.721328 42.32 40.9968
1528452138.729388 41.43 41.0184
1528452138.737546 42.33 41.084
1528452138.745650 41.22 41.0908
1528452138.753843 41.13 41.0928
1528452138.762036 41.25 41.1006
1528452138.770117 41.48 41.1196
1528452138.778202 40.97 41.1121
1528452138.786441 40.2 41.0665
1528452138.794487 41.05 41.0657
1528452138.802597 40.02 41.0134
1528452138.810718 40.24 40.9747
1528452138.818826 40.54 40.953
1528452138.827057 42.08 41.0093
1528452138.835093 40.09 40.9634
1528452138.843299 41.5 40.9902
1528452138.851337 40.37 40.9592
1528452138.859524 41.26 40.9742
1528452138.867655 41.51 41.001
1528452138.875898 39.87 40.9445
1528452138.883843 42.25 41.0098
1528452138.892092 41.47 41.0328
1528452138.900142 40.46 41.0041
1528452138.908376 42.62 41.0849
1528452138.916448 40.43 41.0522
1528452138.924638 41.86 41.0926
1528452138.932704 41.63 41.1194
1528452138.940777 40.72 41.0995
1528452138.948973 38.59 40.974
1528452138.957088 42.34 41.0423
1528452138.965317 41.76 41.0782
1528452138.973380 40.58 41.0533
1528452138.981562 41.5 41.0756
1528452138.989507 42.17 41.1303
1528452138.997685 43.67 41.2573
1528452139.005758 40.64 41.2264
1528452139.013921 40.44 41.1871
1528452139.022073 42.17 41.2363
1528452139.030170 42.47 41.298
1528452139.038289 41.23 41.2946
1528452139.046402 39.73 41.2163
1528452139.054527 40.7 41.1905
1528452139.062582 41.48 41.205
1528452139.070707 41.13 41.2012
1528452139.078879 41.78 41.2302
1528452139.087010 41.93 41.2652
1528452139.095092 39.87 41.1954
1528452139.103169 42.04 41.2376
1528452139.111381 40.54 41.2028
1528452139.119581 41.06 41.1956
1528452139.127569 40.38 41.1548
1528452139.135722 43.14 41.2541
1528452139.143915 40.64 41.2234
1528452139.151883 40.37 41.1807
1528452139.160063 42.7 41.2567
1528452139.168184 40.31 41.2094
1528452139.176191 42.5 41.2739
1528452139.184121 41.28 41.2742
1528452139.192211 41.32 41.2765
1528452139.200317 39.99 41.2122
1528452139.208493 40.45 41.174
1528452139.216384 41.31 41.1808
1528452139.224493 40.73 41.1583
1528452139.232506 41.55 41.1779
1528452139.240790 39.64 41.101
1528452139.248808 40.44 41.0679
1528452139.256819 41.03 41.066
1528452139.264975 41.85 41.1052
1528452139.273140 41.19 41.1095
1528452139.281103 41.73 41.1405
1528452139.289243 42.03 41.185
1528452139.297343 41.19 41.1852
1528452139.305540 38.87 41.0695
1528452139.313675 42.07 41.1195
1528452139.321713 40.5 41.0885
1528452139.329841 39.98 41.0331
1528452139.338034 42.01 41.0819
1528452139.346090 42.48 41.1518
1528452139.354104 39.99 41.0938
1528452139.362189 40.46 41.0621
1528452139.370384 41.81 41.0995
1528452139.378256 39.84 41.0365
1528452139.386472 40.42 41.0057
1528452139.394517 40.97 41.0039
1528452139.402599 42.77 41.0922
1528452139.410731 41.89 41.1321
1528452139.418884 42.24 41.1875
1528452139.427047 42.07 41.2316
1528452139.435132 40.6 41.2
1528452139.443282 40.1 41.145
1528452139.451231 40.42 41.1088
1528452139.459255 41.56 41.1313
1528452139.467359 43.25 41.2373
1528452139.475397 41.63 41.2569
1528452139.483569 41.7 41.2791
1528452139.491665 41.39 41.2846
1528452139.499656 40.94 41.2674
1528452139.507845 41.16 41.262
1528452139.516044 40.47 41.2224
1528452139.523972 39.94 41.1583
1528452139.532059 40.27 41.1139
1528452139.540111 40.44 41.0802
1528452139.548283 40.94 41.0732
1528452139.556198 40.9 41.0645
1528452139.564213 42.39 41.1308
1528452139.572293 41.78 41.1632
1528452139.580448 42.96 41.2531
1528452139.588732 42 41.2904
1528452139.596700 42.6 41.3559
1528452139.604907 42.82 41.4291
1528452139.613002 41.76 41.4457
1528452139.621097 41.83 41.4649
1528452139.629342 40.58 41.4206
1528452139.637450 40.7 41.3846
1528452139.645607 42.4 41.4354
1528452139.653563 41.13 41.4201
1528452139.661734 39.94 41.3461
1528452139.669840 41.28 41.3428
1528452139.677963 41.7 41.3607
1528452139.686013 40.76 41.3306
1528452139.694166 40.75 41.3016
1528452139.702135 40.95 41.284
1528452139.710287 41.93 41.3163
1528452139.718284 41.97 41.349
1528452139.726480 41.5 41.3565
1528452139.734372 41.33 41.3552
1528452139.742598 41.41 41.358
1528452139.750523 42.31 41.4056
1528452139.758616 42.28 41.4493
1528452139.766657 41.29 41.4413
1528452139.774732 40.77 41.4077
1528452139.782935 40.9 41.3824
1528452139.791172 40.22 41.3242
1528452139.799210 42.12 41.364
1528452139.807308 41.38 41.3648
1528452139.815397 41.57 41.3751
1528452139.823477 39.86 41.2993
1528452139.831585 41.38 41.3034
1528452139.839534 41.43 41.3097
1528452139.847726 41.71 41.3297
1528452139.855799 41.68 41.3472
1528452139.863911 41.54 41.3569
1528452139.872081 41.93 41.3855
1528452139.880067 40.52 41.3422
1528452139.888187 40.45 41.2976
1528452139.896009 41.71 41.3183
1528452139.904184 41.26 41.3153
1528452139.912220 41.08 41.3036
1528452139.920308 41.26 41.3014
1528452139.928480 40.56 41.2643
1528452139.936668 42.39 41.3206
1528452139.944722 42.32 41.3706
1528452139.952902 42.31 41.4175
1528452139.961024 41.86 41.4397
1528452139.969082 40.73 41.4042
1528452139.977319 42.09 41.4385
1528452139.985646 41.32 41.4326
1528452139.993593 42.12 41.4669
1528452140.001549 42.05 41.4961
1528452140.009747 41.83 41.5128
1528452140.017811 42.07 41.5406
1528452140.025939 41.86 41.5566
1528452140.033919 41.99 41.5783
1528452140.042080 42.54 41.6264
1528452140.050038 42.06 41.648
1528452140.058134 41.34 41.6326
1528452140.066283 40.51 41.5765
1528452140.074224 41.82 41.5887
1528452140.082239 40.85 41.5517
1528452140.090410 39.65 41.4567
1528452140.098465 41.97 41.4823
1528452140.106471 42.13 41.5147
1528452140.114664 43.3 41.604
1528452140.122786 41.48 41.5978
1528452140.130958 41.34 41.5849
1528452140.139030 39.14 41.4626
1528452140.147150 39.95 41.387
1528452140.155182 42.39 41.4372
1528452140.163375 42.82 41.5063
1528452140.171307 42.27 41.5445
1528452140.179467 41.3 41.5323
1528452140.187410 42.91 41.6012
1528452140.195430 42.15 41.6286
1528452140.203631 41.57 41.6257
1528452140.211588 38.86 41.4874
1528452140.219742 42.42 41.534
1528452140.227787 41.64 41.5393
1528452140.235803 41.27 41.5258
1528452140.243923 40.9 41.4946
1528452140.252083 39.27 41.3833
1528452140.260125 41.74 41.4012
1528452140.268098 42.02 41.4321
1528452140.276251 42.11 41.466
1528452140.284362 41.36 41.4607
1528452140.292517 41.5 41.4627
1528452140.300630 41.31 41.455
1528452140.308754 40.5 41.4073
1528452140.316903 41.86 41.4299
1528452140.324900 40.97 41.4069
1528452140.333028 41.36 41.4046
1528452140.341269 43 41.4843
1528452140.349331 40.98 41.4591
1528452140.357403 41.78 41.4752
1528452140.365423 41.32 41.4674
1528452140.373622 41.54 41.471
1528452140.381821 41.68 41.4815
1528452140.389823 42.09 41.5119
1528452140.398012 42.13 41.5428
1528452140.406250 40.5 41.4907
1528452140.414304 41.38 41.4851
1528452140.422413 42.12 41.5169
1528452140.430624 41.62 41.522
1528452140.438626 41.51 41.5214
1528452140.446756 42.29 41.5599
1528452140.454988 42.72 41.6179
1528452140.463140 42.18 41.646
1528452140.471288 42.28 41.6777
1528452140.479410 42.83 41.7353
1528452140.487457 39.63 41.63
1528452140.495561 41.86 41.6415
1528452140.503674 41.76 41.6475
1528452140.511802 42.42 41.6861
1528452140.519982 41.38 41.6708
1528452140.528080 41.29 41.6517
1528452140.536271 42.6 41.6992
1528452140.544197 41.48 41.6882
1528452140.552195 43.14 41.7608
1528452140.560330 43.02 41.8237
1528452140.568444 40.01 41.7331
1528452140.576638 41.98 41.7454
1528452140.584715 42 41.7581
1528452140.592844 41.64 41.7522
1528452140.601082 40.97 41.7131
1528452140.609034 42.26 41.7405
1528452140.617157 42.46 41.7764
1528452140.625265 41.22 41.7486
1528452140.633419 42.02 41.7622
1528452140.641440 41.55 41.7516
1528452140.649540 41.58 41.743
1528452140.657614 42.51 41.7813
1528452140.665744 42.72 41.8283
1528452140.673789 42.82 41.8779
1528452140.681894 43.01 41.9345
1528452140.690040 43.35 42.0052
1528452140.698112 41.66 41.988
1528452140.706306 40.3 41.9036
1528452140.714318 41.47 41.8819
1528452140.722488 42.51 41.9133
1528452140.730619 41.05 41.8701
1528452140.738618 42.24 41.8886
1528452140.746715 40.37 41.8127
1528452140.754761 41.8 41.8121
1528452140.762773 41.93 41.818
1528452140.770861 41.72 41.8131
1528452140.778741 40.73 41.7589
1528452140.786896 41.02 41.722
1528452140.795127 40.92 41.6819
1528452140.803164 40.76 41.6358
1528452140.811285 42.2 41.664
1528452140.819326 42.74 41.7178
1528452140.827417 42.56 41.7599
1528452140.835588 41.86 41.7649
1528452140.843560 42.89 41.8212
1528452140.851746 42.76 41.8681
1528452140.859900 41.01 41.8252
1528452140.868027 40.68 41.7679
1528452140.876096 42.19 41.789
1528452140.884206 40.48 41.7236
1528452140.892285 42.53 41.7639
1528452140.900365 41.16 41.7337
1528452140.908477 41.57 41.7255
1528452140.916707 41.71 41.7248
1528452140.924831 42.48 41.7625
1528452140.932917 42.78 41.8134
1528452140.941056 41.5 41.7977
1528452140.949124 41.97 41.8063
1528452140.957349 42.53 41.8425
1528452140.965378 40.89 41.7949
1528452140.973585 42.61 41.8356
1528452140.981754 42.31 41.8594
1528452140.989792 41.97 41.8649
1528452140.997954 41.04 41.8237
1528452141.006118 42.33 41.849
1528452141.014182 41.66 41.8395
1528452141.022284 42.08 41.8515
1528452141.030365 42.36 41.877
1528452141.038420 42.89 41.9276
1528452141.046660 41.94 41.9282
1528452141.054738 43.57 42.0103
1528452141.062872 42.66 42.0428
1528452141.070975 43.56 42.1187
1528452141.079123 42.63 42.1442
1528452141.087051 41.73 42.1235
1528452141.095215 42.36 42.1353
1528452141.103310 42.59 42.1581
1528452141.111396 41.98 42.1492
1528452141.119546 41.9 42.1367
1528452141.127777 41.93 42.1264
1528452141.135788 40.98 42.0691
1528452141.143909 42.94 42.1126
1528452141.152112 42.89 42.1515
1528452141.160243 40.87 42.0874
1528452141.168345 39.97 41.9815
1528452141.176531 42.65 42.015
1528452141.184579 41.32 41.9802
1528452141.192652 42.06 41.9842
1528452141.200692 42.86 42.028
1528452141.208795 41.27 41.9901
1528452141.216962 41.04 41.9426
1528452141.225145 41.86 41.9385
1528452141.233207 40.35 41.859
1528452141.241402 42.19 41.8756
1528452141.249381 42.18 41.8908
1528452141.257521 41.23 41.8578
1528452141.265680 41.06 41.8179
1528452141.273796 42.76 41.865
1528452141.281732 44 41.9717
1528452141.289867 41.12 41.9291
1528452141.297910 41.05 41.8852
1528452141.306146 41.96 41.8889
1528452141.314207 42 41.8945
1528452141.322237 42.08 41.9038
1528452141.330293 41.81 41.8991
1528452141.338394 42.42 41.9251
1528452141.346522 40.46 41.8519
1528452141.354656 39.47 41.7328
1528452141.362851 42.88 41.7901
1528452141.370884 42.69 41.8351
1528452141.378846 42.39 41.8629
1528452141.387071 41.31 41.8352
1528452141.395093 42.46 41.8665
1528452141.403212 42.04 41.8751
1528452141.411247 42.72 41.9174
1528452141.419412 42.05 41.924
1528452141.427459 41.51 41.9033
1528452141.435632 41.81 41.8986
1528452141.443775 43.28 41.9677
1528452141.451892 41.43 41.9408
1528452141.460119 41.74 41.9308
1528452141.468060 43.77 42.0227
1528452141.476152 42.24 42.0336
1528452141.484160 41.05 41.9844
1528452141.492317 41.26 41.9482
1528452141.500396 42.2 41.9608
1528452141.508552 41.41 41.9333
1528452141.516629 42 41.9366
1528452141.524696 42.89 41.9843
1528452141.532781 42.53 42.0116
1528452141.540794 42.75 42.0485
1528452141.548861 41.79 42.0356
1528452141.557054 43.82 42.1248
1528452141.565257 40.46 42.0415
1528452141.573289 42.74 42.0765
1528452141.581361 43.35 42.1401
1528452141.589553 43.39 42.2026
1528452141.597583 41.32 42.1585
1528452141.605658 41.57 42.1291
1528452141.613786 43.15 42.1801
1528452141.621738 42.29 42.1856
1528452141.629939 42.3 42.1913
1528452141.638083 42.18 42.1908
1528452141.646072 41.57 42.1597
1528452141.654136 41.88 42.1457
1528452141.662161 41.76 42.1265
1528452141.670300 41.75 42.1076
1528452141.678394 42.54 42.1292
1528452141.686564 41.72 42.1088
1528452141.694670 43.04 42.1553
1528452141.702830 42.79 42.1871
1528452141.711015 40.59 42.1072
1528452141.719133 41.18 42.0609
1528452141.727263 41.17 42.0163
1528452141.735401 43.24 42.0775
1528452141.743685 41.28 42.0376
1528452141.751607 42 42.0357
1528452141.759648 42.18 42.043
1528452141.767772 43.67 42.1243
1528452141.775887 41.35 42.0856
1528452141.783974 41.81 42.0718
1528452141.792122 41.23 42.0297
1528452141.800210 42.32 42.0442
1528452141.808414 43.53 42.1185
1528452141.816460 42.93 42.1591
1528452141.824698 43.21 42.2116
1528452141.832808 41.47 42.1746
1528452141.840922 41.11 42.1213
1528452141.848853 41.43 42.0868
1528452141.856917 42.85 42.1249
1528452141.865081 43.44 42.1907
1528452141.873206 42.07 42.1847
1528452141.881256 41.29 42.1399
1528452141.889404 42.18 42.1419
1528452141.897675 41.45 42.1073
1528452141.905726 43.61 42.1825
1528452141.913692 42.26 42.1863
1528452141.921919 41.18 42.136
1528452141.930013 43.84 42.2212
1528452141.938023 41.62 42.1912
1528452141.946117 42.43 42.2031
1528452141.954277 42.39 42.2124
1528452141.962290 43.11 42.2573
1528452141.970373 42.65 42.277
1528452141.978565 41.51 42.2386
1528452141.986725 41.64 42.2087
1528452141.994922 44.14 42.3052
1528452142.002949 41.72 42.276
1528452142.011062 40.96 42.2102
1528452142.019142 41.75 42.1872
1528452142.027398 42.81 42.2183
1528452142.035437 41.7 42.1924
1528452142.043672 42.22 42.1938
1528452142.051700 43.24 42.2461
1528452142.059830 43.5 42.3088
1528452142.067969 42.6 42.3233
1528452142.076079 42 42.3072
1528452142.084162 41.43 42.2633
1528452142.092203 42.14 42.2572
1528452142.100317 42.6 42.2743
1528452142.108452 42.2 42.2706
1528452142.116633 42.43 42.2786
1528452142.124839 42.01 42.2651
1528452142.132837 42.47 42.2754
1528452142.140806 42.79 42.3011
1528452142.148940 42.47 42.3095
1528452142.156926 41.83 42.2856
1528452142.165123 41.72 42.2573
1528452142.173241 41.03 42.1959
1528452142.181343 42.36 42.2041
1528452142.189528 43.14 42.2509
1528452142.197611 43.63 42.3199
1528452142.205568 41.44 42.2759
1528452142.213706 42.37 42.2806
1528452142.221710 40.11 42.1721
1528452142.229843 43.33 42.23
1528452142.237952 41.52 42.1945
1528452142.246050 40.62 42.1157
1528452142.254202 42.69 42.1444
1528452142.262157 41.54 42.1142
1528452142.270276 42.84 42.1505
1528452142.278453 42.96 42.191
1528452142.286512 43.27 42.2449
1528452142.294482 41.11 42.1882
1528452142.302580 43.21 42.2393
1528452142.310710 41.35 42.1948
1528452142.318716 42.61 42.2156
1528452142.326871 42.19 42.2143
1528452142.334822 41.93 42.2001
1528452142.343090 41.3 42.1551
1528452142.351081 42.04 42.1493
1528452142.359418 43.03 42.1934
1528452142.367409 41.61 42.1642
1528452142.375443 41.85 42.1485
1528452142.383587 41.58 42.1201
1528452142.391573 43.22 42.1751
1528452142.399579 42.43 42.1878
1528452142.407664 42.63 42.2099
1528452142.415858 40.56 42.1274
1528452142.423893 42.47 42.1445
1528452142.432091 43.14 42.1943
1528452142.440208 42.72 42.2206
1528452142.448213 41.58 42.1886
1528452142.456372 40.28 42.0931
1528452142.464317 41.81 42.079
1528452142.472356 41.94 42.072
1528452142.480462 42.16 42.0764
1528452142.488588 42.83 42.1141
1528452142.496766 42.01 42.1089
1528452142.504961 40.93 42.05
1528452142.512899 41.8 42.0375
1528452142.521042 42.65 42.0681
1528452142.528954 42.06 42.0677
1528452142.537115 41.94 42.0613
1528452142.545321 41.44 42.0302
1528452142.553471 41.29 41.9932
1528452142.561475 41.71 41.9791
1528452142.569479 42.82 42.0211
1528452142.577741 42.07 42.0236
1528452142.585873 41.86 42.0154
1528452142.593960 43.29 42.0791
1528452142.602119 42.01 42.0757
1528452142.610186 41.52 42.0479
1528452142.618395 40.36 41.9635
1528452142.626350 41.26 41.9283
1528452142.634510 42.31 41.9474
1528452142.642631 41.27 41.9135
1528452142.650726 41.45 41.8903
1528452142.658884 41.68 41.8798
1528452142.667053 41.54 41.8628
1528452142.674991 42.59 41.8992
1528452142.683105 40.76 41.8422
1528452142.691188 42.11 41.8556
1528452142.699321 40.99 41.8123
1528452142.707348 42 41.8217
1528452142.715468 43.33 41.8971
1528452142.723602 41.86 41.8953
1528452142.731729 43.96 41.9985
1528452142.739866 41.12 41.9546
1528452142.748053 41.81 41.9474
1528452142.756169 42.4 41.97
1528452142.764134 43.25 42.034
1528452142.772293 41.47 42.0058
1528452142.780513 41.66 41.9885
1528452142.788660 43.47 42.0626
1528452142.796536 43.87 42.1529
1528452142.804736 42.18 42.1543
1528452142.812887 41.18 42.1056
1528452142.821070 42 42.1003
1528452142.829141 43.75 42.1828
1528452142.837103 42.07 42.1772
1528452142.845312 44.03 42.2698
1528452142.853429 41.98 42.2553
1528452142.861395 41.55 42.22
1528452142.869450 41.47 42.1825
1528452142.877467 41.84 42.1654
1528452142.885603 41.88 42.1511
1528452142.893671 43.29 42.2081
1528452142.901674 41.98 42.1967
1528452142.909827 40.58 42.1158
1528452142.917812 44.03 42.2116
1528452142.925927 39.9 42.096
1528452142.934079 41.83 42.0827
1528452142.942093 40.67 42.012
1528452142.950196 41.59 41.9909
1528452142.958327 41.62 41.9724
1528452142.966343 42.28 41.9878
1528452142.974548 41.79 41.9779
1528452142.982458 41.22 41.94
1528452142.990644 42.63 41.9745
1528452142.998803 40.69 41.9103
1528452143.006785 40.95 41.8623
1528452143.014803 42.61 41.8996
1528452143.023007 42.39 41.9242
1528452143.030964 43.99 42.0275
1528452143.039094 42.11 42.0316
1528452143.047155 42.76 42.068
1528452143.055309 40.45 41.9871
1528452143.063435 40.98 41.9367
1528452143.071371 42.22 41.9509
1528452143.079499 40.83 41.8949
1528452143.087691 42.3 41.9151
1528452143.095767 43 41.9694
1528452143.103844 40.75 41.9084
1528452143.111886 43.6 41.993
1528452143.119866 41.47 41.9668
1528452143.128014 41.04 41.9205
1528452143.136049 42.39 41.944
1528452143.144211 41.5 41.9218
1528452143.152346 43.23 41.9872
1528452143.160480 41.18 41.9468
1528452143.168629 41.6 41.9295
1528452143.176639 42.01 41.9335
1528452143.184768 40.04 41.8388
1528452143.192896 40.59 41.7764
1528452143.201060 41.18 41.7466
1528452143.209199 41.02 41.7102
1528452143.217345 40.17 41.6332
1528452143.225416 41.37 41.6201
1528452143.233508 42.87 41.6826
1528452143.241643 41.63 41.6799
1528452143.249794 42.87 41.7394
1528452143.257951 42.99 41.802
1528452143.266089 41.79 41.8014
1528452143.274263 40.16 41.7193
1528452143.282388 41.9 41.7283
1528452143.290490 41.12 41.6979
1528452143.298679 41.86 41.706
1528452143.306744 41.86 41.7137
1528452143.314989 41.17 41.6865
1528452143.322926 40.9 41.6472
1528452143.331097 41.95 41.6623
1528452143.339259 42.74 41.7162
1528452143.347349 41.77 41.7189
1528452143.355489 42.78 41.772
1528452143.363450 41.11 41.7389
1528452143.371580 41.18 41.7109
1528452143.379745 40.46 41.6484
1528452143.387903 41.08 41.62
1528452143.395887 42 41.639
1528452143.404092 41.48 41.631
1528452143.412110 42.33 41.666
1528452143.420099 42.3 41.6977
1528452143.428304 43.28 41.7768
1528452143.436314 41.32 41.7539
1528452143.444232 40.96 41.7142
1528452143.452363 40.42 41.6495
1528452143.460561 42.61 41.6976
1528452143.468685 43.57 41.7912
1528452143.476666 43.14 41.8586
1528452143.484796 40.97 41.8142
1528452143.493030 42.75 41.861
1528452143.501088 41.75 41.8554
1528452143.509055 42.15 41.8702
1528452143.517224 42.05 41.8792
1528452143.525336 41.19 41.8447
1528452143.533433 42.02 41.8535
1528452143.541621 42.53 41.8873
1528452143.549844 40.22 41.8039
1528452143.557900 42.3 41.8287
1528452143.565965 40.51 41.7628
1528452143.574019 42.74 41.8117
1528452143.582166 41.07 41.7746
1528452143.590226 43.61 41.8663
1528452143.598335 41.81 41.8635
1528452143.606363 41.98 41.8693
1528452143.614541 41.28 41.8399
1528452143.622592 42.25 41.8604
1528452143.630648 42.69 41.9019
1528452143.638797 41.71 41.8923
1528452143.646853 41.13 41.8542
1528452143.655041 40.47 41.785
1528452143.663108 39.76 41.6837
1528452143.671178 43.16 41.7575
1528452143.679190 40.37 41.6881
1528452143.687337 41.6 41.6837
1528452143.695329 41.69 41.684
1528452143.703417 43.64 41.7818
1528452143.711553 41.26 41.7558
1528452143.719376 42.61 41.7985
1528452143.727555 42.08 41.8125
1528452143.735704 41.17 41.7804
1528452143.743841 40.7 41.7264
1528452143.751809 41.09 41.6946
1528452143.760000 40.23 41.6213
1528452143.768045 42.47 41.6638
1528452143.776138 42.13 41.6871
1528452143.784256 40.31 41.6182
1528452143.792314 42.47 41.6608
1528452143.800500 42.61 41.7083
1528452143.808516 41.23 41.6844
1528452143.816939 44.07 41.8037
1528452143.824839 40.8 41.7535
1528452143.832921 41.95 41.7633
1528452143.840924 42.89 41.8196
1528452143.849031 40.15 41.7361
1528452143.857166 41.19 41.7088
1528452143.865387 42.07 41.7269
1528452143.873380 42.14 41.7476
1528452143.881537 40.51 41.6857
1528452143.889550 40.49 41.6259
1528452143.897646 40.76 41.5826
1528452143.905852 42.07 41.607
1528452143.914000 41.14 41.5836
1528452143.922070 41.18 41.5634
1528452143.930170 42.14 41.5923
1528452143.938363 41.3 41.5777
1528452143.946399 41.78 41.5878
1528452143.954518 42.32 41.6244
1528452143.962688 40.97 41.5917
1528452143.970846 41.95 41.6096
1528452143.979008 42.07 41.6326
1528452143.986922 41.62 41.632
1528452143.995133 39.1 41.5054
1528452144.003140 41.89 41.5246
1528452144.011259 40.73 41.4849
1528452144.019290 41.53 41.4871
1528452144.027447 41.51 41.4883
1528452144.035634 42.12 41.5199
1528452144.043736 40.87 41.4874
1528452144.051788 42.62 41.544
1528452144.059752 41.64 41.5488
1528452144.067838 40.46 41.4944
1528452144.075978 41.66 41.5026
1528452144.084101 40.22 41.4385
1528452144.092275 40.8 41.4066
1528452144.100227 39.27 41.2998
1528452144.108430 42.24 41.3468
1528452144.116363 42.82 41.4204
1528452144.124596 41.33 41.4159
1528452144.132513 40.79 41.3846
1528452144.140706 41.44 41.3874
1528452144.148796 41.39 41.3875
1528452144.157000 40.44 41.3401
1528452144.165099 41.78 41.3621
1528452144.173097 42.22 41.405
1528452144.181169 41.1 41.3898
1528452144.189286 42.24 41.4323
1528452144.197407 41.43 41.4322
1528452144.205463 41.86 41.4536
1528452144.213562 42.21 41.4914
1528452144.221681 40.53 41.4433
1528452144.229920 40.04 41.3731
1528452144.237883 42.39 41.424
1528452144.246115 42.14 41.4598
1528452144.254284 42.67 41.5203
1528452144.262309 41.48 41.5183
1528452144.270469 39.34 41.4094
1528452144.278390 41.65 41.4214
1528452144.286533 41.65 41.4328
1528452144.294628 40.86 41.4042
1528452144.302764 40.01 41.3345
1528452144.311051 40.22 41.2788
1528452144.319082 40.99 41.2643
1528452144.327249 42.29 41.3156
1528452144.335314 39.4 41.2198
1528452144.343340 41.4 41.2288
1528452144.351491 40.76 41.2054
1528452144.359651 41.34 41.2121
1528452144.367872 40.42 41.1725
1528452144.375906 41.85 41.2064
1528452144.384053 42.53 41.2726
1528452144.392167 40.76 41.2469
1528452144.400284 42 41.2846
1528452144.408406 41.94 41.3174
1528452144.416457 41.99 41.351
1528452144.424638 40.32 41.2994
1528452144.432670 39.76 41.2225
1528452144.440692 41.81 41.2519
1528452144.449068 40.52 41.2153
1528452144.456930 40.33 41.171
1528452144.465220 40.37 41.1309
1528452144.473212 42.48 41.1984
1528452144.481298 41.79 41.228
1528452144.489438 42.2 41.2766
1528452144.497622 41.83 41.3043
1528452144.505652 41.48 41.313
1528452144.513881 40.86 41.2904
1528452144.521943 42.18 41.3349
1528452144.530121 40.59 41.2976
1528452144.538190 41.13 41.2892
1528452144.546351 39.91 41.2203
1528452144.554544 41.19 41.2188
1528452144.562614 41.18 41.2168
1528452144.570650 41.23 41.2175
1528452144.578769 41.86 41.2496
1528452144.586915 40.37 41.2056
1528452144.595035 40.34 41.1623
1528452144.603063 40.01 41.1047
1528452144.611163 39.77 41.038
1528452144.619172 42.49 41.1106
1528452144.627315 41.02 41.1061
1528452144.635482 42.53 41.1773
1528452144.643619 40.9 41.1634
1528452144.651717 41.5 41.1802
1528452144.659607 42.63 41.2527
1528452144.667719 40.93 41.2366
1528452144.675895 41.98 41.2738
1528452144.684074 41.23 41.2716
1528452144.692080 43.02 41.359
1528452144.700182 42.89 41.4355
1528452144.708301 40.87 41.4073
1528452144.716455 40.9 41.3819
1528452144.724605 41.98 41.4118
1528452144.732716 41.79 41.4307
1528452144.740685 40.9 41.4042
1528452144.748869 41.05 41.3865
1528452144.756859 39.78 41.3061
1528452144.765056 41.67 41.3243
1528452144.773255 41.38 41.3271
1528452144.781274 40.98 41.3098
1528452144.789462 39.77 41.2328
1528452144.797611 42.58 41.3001
1528452144.805756 40.48 41.2591
1528452144.813822 42.24 41.3082
1528452144.821977 41.23 41.3043
1528452144.830050 41.2 41.2991
1528452144.838190 40.22 41.2451
1528452144.846298 40.74 41.2198
1528452144.854479 40.77 41.1974
1528452144.862631 42.6 41.2675
1528452144.870734 40.9 41.2491
1528452144.878862 42 41.2867
1528452144.886866 40.91 41.2678
1528452144.894996 40.95 41.2519
1528452144.902980 40.51 41.2148
1528452144.911175 40.81 41.1946
1528452144.919128 41.84 41.2269
1528452144.927176 39.8 41.1555
1528452144.935106 41.3 41.1627
1528452144.943231 40.74 41.1416
1528452144.951248 41.26 41.1475
1528452144.959223 41.98 41.1892
1528452144.967347 41.11 41.1852
1528452144.975507 42.27 41.2394
1528452144.984371 39.15 41.135
1528452144.991703 41.19 41.1377
1528452144.999894 41.22 41.1418
1528452145.008057 41.81 41.1752
1528452145.016154 41.05 41.169
1528452145.024464 42.03 41.212
1528452145.032410 42.19 41.2609
1528452145.040499 40.22 41.2089
1528452145.048717 40.81 41.1889
1528452145.056745 40.01 41.13
1528452145.064881 40.5 41.0985
1528452145.072865 40.42 41.0646
1528452145.080851 40.4 41.0313
1528452145.088826 39.84 40.9718
1528452145.096967 39.92 40.9192
1528452145.105011 42.07 40.9767
1528452145.113056 41.16 40.9859
1528452145.121273 40.16 40.9446
1528452145.129355 39.52 40.8734
1528452145.137370 42.46 40.9527
1528452145.145562 40.44 40.9271
1528452145.153628 39.7 40.8657
1528452145.161825 41.23 40.8839
1528452145.169822 42.18 40.9487
1528452145.177925 39.62 40.8823
1528452145.186044 41.86 40.9312
1528452145.194004 40.11 40.8901
1528452145.202215 41.18 40.9046
1528452145.210334 40.16 40.8674
1528452145.218346 42.48 40.948
1528452145.226568 40.36 40.9186
1528452145.234549 41.98 40.9717
1528452145.242715 41.54 41.0001
1528452145.250812 41.67 41.0336
1528452145.259049 42.19 41.0914
1528452145.266977 41.75 41.1243
1528452145.275093 42.33 41.1846
1528452145.283277 40.65 41.1579
1528452145.291307 42 41.2
1528452145.299344 41.69 41.2245
1528452145.307479 40.4 41.1833
1528452145.315668 40.7 41.1591
1528452145.323761 42.32 41.2172
1528452145.331729 40.75 41.1938
1528452145.339875 40.17 41.1426
1528452145.348053 39.69 41.07
1528452145.356212 43.78 41.2055
1528452145.364372 41.55 41.2227
1528452145.372391 40.51 41.1871
1528452145.380602 41.18 41.1867
1528452145.388795 40.95 41.1749
1528452145.396872 41.71 41.2016
1528452145.404947 39.26 41.1046
1528452145.413107 41.43 41.1208
1528452145.421067 41.78 41.1538
1528452145.429267 40.73 41.1326
1528452145.437360 40.6 41.106
1528452145.445428 40.74 41.0877
1528452145.453476 40.81 41.0738
1528452145.461723 40.16 41.0281
1528452145.469774 40.01 40.9772
1528452145.477941 42.33 41.0448
1528452145.485989 40.68 41.0266
1528452145.494113 38.57 40.9038
1528452145.502354 41.76 40.9466
1528452145.510228 41.63 40.9807
1528452145.518382 41.33 40.9982
1528452145.526553 40.59 40.9778
1528452145.534722 41.57 41.0074
1528452145.542759 41.96 41.055
1528452145.550910 41.41 41.0728
1528452145.558921 41.33 41.0856
1528452145.567123 40.77 41.0699
1528452145.575294 40.69 41.0509
1528452145.583208 41.05 41.0508
1528452145.591301 38.35 40.9158
1528452145.599549 41.43 40.9415
1528452145.607659 39.46 40.8674
1528452145.615763 40.68 40.858
1528452145.623848 39.98 40.8141
1528452145.632010 40.01 40.7739
1528452145.640109 42.32 40.8512
1528452145.648303 40.83 40.8502
1528452145.656313 39.85 40.8002
1528452145.664391 41.03 40.8117
1528452145.672574 40.58 40.8001
1528452145.680658 41.65 40.8426
1528452145.688865 42.24 40.9124
1528452145.696916 41.29 40.9313
1528452145.704912 40.45 40.9073
1528452145.713112 41.98 40.9609
1528452145.721265 41.32 40.9789
1528452145.729177 40.13 40.9364
1528452145.737355 43.14 41.0466
1528452145.745428 40.74 41.0313
1528452145.753584 40.54 41.0067
1528452145.761691 40.84 40.9984
1528452145.769867 39.77 40.9369
1528452145.778075 40.69 40.9246
1528452145.786168 40.44 40.9004
1528452145.794126 41.44 40.9273
1528452145.802318 41.36 40.949
1528452145.810391 39.94 40.8985
1528452145.818324 40.08 40.8576
1528452145.826305 40.15 40.8222
1528452145.834523 40.06 40.7841
1528452145.842472 41.89 40.8394
1528452145.850681 40.86 40.8404
1528452145.858649 40.19 40.8079
1528452145.866872 41.44 40.8395
1528452145.874867 41.69 40.882
1528452145.883071 40.77 40.8764
1528452145.891223 40.39 40.8521
1528452145.899258 40.91 40.855
1528452145.907365 39.69 40.7968
1528452145.915411 41.05 40.8094
1528452145.923400 41.08 40.823
1528452145.931567 41.25 40.8443
1528452145.939629 42.89 40.9466
1528452145.947787 40.94 40.9463
1528452145.955877 42 40.9989
1528452145.963999 40.44 40.971
1528452145.971915 40.94 40.9695
1528452145.980163 39.89 40.9155
1528452145.988324 40.6 40.8997
1528452145.996341 41.54 40.9317
1528452146.004381 41.16 40.9431
1528452146.012560 40.78 40.935
1528452146.020632 41.13 40.9447
1528452146.028780 39.48 40.8715
1528452146.036821 41.33 40.8944
1528452146.044869 41.69 40.9342
1528452146.052901 40.98 40.9365
1528452146.060870 41.41 40.9602
1528452146.069104 42.02 41.0132
1528452146.077229 40.9 41.0075
1528452146.085324 42.42 41.0781
1528452146.093420 42.12 41.1302
1528452146.101554 40.32 41.0897
1528452146.109620 40.01 41.0357
1528452146.117769 41.75 41.0714
1528452146.125871 42.12 41.1239
1528452146.133967 41.68 41.1517
1528452146.142136 40.23 41.1056
1528452146.150252 42.51 41.1758
1528452146.158409 42 41.217
1528452146.166515 41.98 41.2552
1528452146.174760 40.54 41.2194
1528452146.182790 40.12 41.1644
1528452146.190878 40.77 41.1447
1528452146.199063 39.75 41.075
1528452146.207232 39.8 41.0112
1528452146.215292 41.05 41.0132
1528452146.223297 40.95 41.01
1528452146.231415 42.31 41.075
1528452146.239606 40.17 41.0298
1528452146.247677 40.24 40.9903
1528452146.255721 42.01 41.0413
1528452146.263589 39.28 40.9532
1528452146.271671 41.34 40.9725
1528452146.279803 41.84 41.0159
1528452146.287828 39.92 40.9611
1528452146.296097 40.9 40.9581
1528452146.304138 41.72 40.9962
1528452146.312290 41.92 41.0423
1528452146.320466 41.78 41.0792
1528452146.328587 40.46 41.0483
1528452146.336710 41.99 41.0954
1528452146.344932 39.87 41.0341
1528452146.352813 40.75 41.0199
1528452146.360910 40.61 40.9994
1528452146.369079 41.03 41.0009
1528452146.377111 41.86 41.0439
1528452146.385192 39.94 40.9887
1528452146.393137 40.83 40.9807
1528452146.401340 40.57 40.9602
1528452146.409330 41.48 40.9862
1528452146.417555 42.64 41.0689
1528452146.425696 39.91 41.0109
1528452146.433769 38.94 40.9074
1528452146.441943 41.39 40.9315
1528452146.450015 41.18 40.9439
1528452146.458107 41.22 40.9578
1528452146.466200 41.11 40.9654
1528452146.474329 40.89 40.9616
1528452146.482474 41.78 41.0025
1528452146.490544 41.34 41.0194
1528452146.498637 40.37 40.9869
1528452146.506861 40.14 40.9446
1528452146.514938 40.23 40.9088
1528452146.522941 41.43 40.9349
1528452146.531151 40.46 40.9112
1528452146.539262 40.77 40.9041
1528452146.547519 42.94 41.0059
1528452146.555548 40.99 41.0051
1528452146.563587 40.79 40.9943
1528452146.571708 40.33 40.9611
1528452146.579725 40.65 40.9456
1528452146.587910 40.73 40.9348
1528452146.595946 42.33 41.0046
1528452146.604069 39.1 40.9093
1528452146.612189 41.71 40.9494
1528452146.620256 42.91 41.0474
1528452146.628298 39.99 40.9945
1528452146.636275 42.23 41.0563
1528452146.644338 39.2 40.9635
1528452146.652444 42.28 41.0293
1528452146.660437 40.46 41.0008
1528452146.668748 41.03 41.0023
1528452146.676563 41.23 41.0137
1528452146.684595 42.09 41.0675
1528452146.692780 41.67 41.0976
1528452146.700853 41.25 41.1052
1528452146.709000 40.9 41.095
1528452146.717247 41.05 41.0927
1528452146.725243 42.31 41.1536
1528452146.733272 41.62 41.1769
1528452146.741339 41.81 41.2086
1528452146.749474 42.27 41.2616
1528452146.759222 40.27 41.2121
1528452146.765713 42.24 41.2635
1528452146.773652 40.94 41.2473
1528452146.781831 40.37 41.2034
1528452146.789916 42.21 41.2537
1528452146.798033 42.18 41.3001
1528452146.806194 41.86 41.3281
1528452146.814348 41.73 41.3482
1528452146.822489 40.39 41.3002
1528452146.830725 41.43 41.3067
1528452146.838746 41.71 41.3269
1528452146.846975 40.49 41.2851
1528452146.855124 41.91 41.3163
1528452146.863239 41.06 41.3035
1528452146.871297 40.59 41.2678
1528452146.879325 41.35 41.2719
1528452146.887437 42.02 41.3093
1528452146.895546 41.89 41.3384
1528452146.903590 39.76 41.2594
1528452146.911684 42.32 41.3125
1528452146.919637 39.78 41.2358
1528452146.927735 42.28 41.2881
1528452146.935853 42.01 41.3242
1528452146.944022 42.21 41.3684
1528452146.952051 39.95 41.2975
1528452146.960128 41.31 41.2981
1528452146.968306 39.98 41.2322
1528452146.976434 42 41.2706
1528452146.984677 41.33 41.2736
1528452146.992768 40.64 41.2419
1528452147.000893 40.55 41.2073
1528452147.008931 41.76 41.235
1528452147.017048 40.44 41.1952
1528452147.025171 41.02 41.1864
1528452147.033349 41.63 41.2086
1528452147.041433 42.33 41.2647
1528452147.049542 40.97 41.25
1528452147.057751 40.42 41.2085
1528452147.065916 39.14 41.105
1528452147.073898 41.48 41.1238
1528452147.082072 40.86 41.1106
1528452147.090192 40.97 41.1036
1528452147.098332 41.51 41.1239
1528452147.106563 39.3 41.0327
1528452147.114739 41.29 41.0456
1528452147.122662 40.97 41.0418
1528452147.130801 40.51 41.0152
1528452147.138843 42.04 41.0664
1528452147.146916 42.78 41.1521
1528452147.155064 42.83 41.236
1528452147.163168 42 41.2742
1528452147.171369 42.37 41.329
1528452147.179484 40.19 41.272
1528452147.187650 42.62 41.3394
1528452147.195643 41.7 41.3575
1528452147.203818 41.89 41.3841
1528452147.211900 40.74 41.3519
1528452147.220004 41.09 41.3388
1528452147.228023 42.04 41.3739
1528452147.236160 42.59 41.4347
1528452147.244322 41.72 41.4489
1528452147.252465 40.91 41.422
1528452147.260713 39.78 41.3399
1528452147.268850 42.46 41.3959
1528452147.276706 41.12 41.3821
1528452147.284832 40.05 41.3155
1528452147.292950 41.04 41.3017
1528452147.301148 41.16 41.2946
1528452147.309218 43.24 41.3919
1528452147.317353 39.99 41.3218
1528452147.325531 43.59 41.4352
1528452147.333632 43.07 41.517
1528452147.341808 40.9 41.4861
1528452147.349805 41.38 41.4808
1528452147.358016 42.11 41.5123
1528452147.366008 42.26 41.5496
1528452147.374157 41.75 41.5597
1528452147.382350 41.29 41.5462
1528452147.390400 42.51 41.5944
1528452147.398467 40.9 41.5597
1528452147.406535 40.92 41.5277
1528452147.414693 39.4 41.4213
1528452147.422818 40.25 41.3627
1528452147.430936 41.32 41.3606
1528452147.439045 40.15 41.3001
1528452147.447129 41.4 41.3051
1528452147.455194 41.63 41.3213
1528452147.463391 42.21 41.3657
1528452147.471345 41.72 41.3835
1528452147.479504 41.28 41.3783
1528452147.487620 41.19 41.3689
1528452147.495804 41.32 41.3664
1528452147.503805 40.22 41.3091
1528452147.511917 42.27 41.3571
1528452147.519931 41.19 41.3488
1528452147.527880 42.46 41.4043
1528452147.536054 42.71 41.4696
1528452147.544186 41.55 41.4736
1528452147.552265 41.89 41.4945
1528452147.560346 40.99 41.4692
1528452147.568443 41.16 41.4538
1528452147.576591 42.28 41.4951
1528452147.584759 41.93 41.5168
1528452147.592748 41.64 41.523
1528452147.600897 39.99 41.4463
1528452147.609102 40.79 41.4135
1528452147.617174 43.22 41.5039
1528452147.625280 41.89 41.5232
1528452147.633548 43.73 41.6335
1528452147.641585 42.31 41.6673
1528452147.649617 42.76 41.722
1528452147.657761 43.34 41.8029
1528452147.665761 42.4 41.8327
1528452147.673703 43.08 41.8951
1528452147.681825 42.19 41.9098
1528452147.690035 41.28 41.8783
1528452147.698092 40.73 41.8209
1528452147.706362 40.84 41.7719
1528452147.714542 42.54 41.8103
1528452147.722359 41.65 41.8023
1528452147.730614 41.5 41.7872
1528452147.738511 41.79 41.7873
1528452147.746650 41.51 41.7734
1528452147.754744 41.65 41.7673
1528452147.762793 40.67 41.7124
1528452147.770817 42.64 41.7588
1528452147.779033 42.18 41.7798
1528452147.787052 41.13 41.7473
1528452147.795112 43.01 41.8105
1528452147.803195 43.07 41.8735
1528452147.811320 41.95 41.8773
1528452147.819579 41.01 41.8339
1528452147.827720 41.98 41.8412
1528452147.835911 42.51 41.8747
1528452147.843865 41.33 41.8474
1528452147.851995 42.06 41.8581
1528452147.860133 41.98 41.8642
1528452147.868365 41.73 41.8574
1528452147.876400 42.16 41.8726
1528452147.884558 41.19 41.8384
1528452147.892761 42.49 41.871
1528452147.900839 42.54 41.9045
1528452147.908964 40.95 41.8567
1528452147.917008 40.37 41.7824
1528452147.925067 41.11 41.7488
1528452147.933263 42.28 41.7754
1528452147.941505 40.9 41.7316
1528452147.949416 42.25 41.7575
1528452147.957547 41.18 41.7286
1528452147.965606 41.66 41.7252
1528452147.973615 41.29 41.7034
1528452147.981816 41.18 41.6773
1528452147.989882 41.93 41.6899
1528452147.998196 42.07 41.7089
1528452148.006235 42.47 41.747
1528452148.014294 41.79 41.7491
1528452148.022312 41.41 41.7322
1528452148.030377 42.53 41.7721
1528452148.038291 42.18 41.7924
1528452148.046478 42.3 41.8178
1528452148.054586 41.05 41.7794
1528452148.062638 42.08 41.7945
1528452148.070736 40.78 41.7437
1528452148.078904 40.97 41.7051
1528452148.086811 43.14 41.7768
1528452148.094988 41.78 41.777
1528452148.103124 42.75 41.8256
1528452148.111313 40.26 41.7473
1528452148.119461 41.58 41.739
1528452148.127563 41.75 41.7395
1528452148.135630 40.64 41.6845
1528452148.143806 41.98 41.6993
1528452148.151958 43.2 41.7743
1528452148.159874 42.39 41.8051
1528452148.168074 40.39 41.7344
1528452148.176170 43.21 41.8082
1528452148.184270 43.37 41.8862
1528452148.192682 40.6 41.8219
1528452148.200285 42.23 41.8423
1528452148.208431 41.31 41.8157
1528452148.216695 42.33 41.8414
1528452148.224575 42.87 41.8929
1528452148.232754 42.14 41.9052
1528452148.240899 41.94 41.907
1528452148.249012 41.87 41.9051
1528452148.257160 41.77 41.8984
1528452148.265293 41.68 41.8874
1528452148.273405 40.63 41.8246
1528452148.281479 41.52 41.8093
1528452148.289525 41.18 41.7779
1528452148.297656 43.6 41.869
1528452148.305791 41.05 41.828
1528452148.313937 44.29 41.9511
1528452148.322032 40.09 41.8581
1528452148.330075 41.01 41.8157
1528452148.338162 40.91 41.7704
1528452148.346166 41.72 41.7679
1528452148.354314 43.07 41.833
1528452148.362510 42.44 41.8633
1528452148.370570 43.14 41.9272
1528452148.378712 42.36 41.9488
1528452148.386760 40.56 41.8794
1528452148.394821 41.77 41.8739
1528452148.402925 43.22 41.9412
1528452148.411111 42.19 41.9536
1528452148.419044 43.57 42.0345
1528452148.427020 42.33 42.0492
1528452148.435104 40.26 41.9598
1528452148.443223 41.29 41.9263
1528452148.451392 39.69 41.8145
1528452148.459499 42.26 41.8367
1528452148.467674 42.26 41.8579
1528452148.475798 41.23 41.8265
1528452148.483853 41.48 41.8092
1528452148.492020 43.21 41.8792
1528452148.500147 41.75 41.8728
1528452148.508341 43.07 41.9326
1528452148.516440 42.94 41.983
1528452148.524718 42.19 41.9933
1528452148.532586 41.83 41.9852
1528452148.540709 42.4 42.0059
1528452148.548832 44.11 42.1111
1528452148.556829 41.86 42.0986
1528452148.564968 41.81 42.0841
1528452148.573111 43.35 42.1474
1528452148.581119 40.69 42.0746
1528452148.589263 42.24 42.0828
1528452148.597203 41.51 42.0542
1528452148.605349 42.18 42.0605
1528452148.613543 41.77 42.046
1528452148.621658 42.96 42.0917
1528452148.629952 43.35 42.1546
1528452148.637961 42.62 42.1778
1528452148.646123 41.64 42.151
1528452148.654170 41.51 42.1189
1528452148.662428 42.18 42.122
1528452148.670545 42.46 42.1389
1528452148.678414 42.58 42.1609
1528452148.686434 41.86 42.1459
1528452148.694612 41.85 42.1311
1528452148.702797 41.57 42.103
1528452148.710846 41.53 42.0744
1528452148.718901 40.79 42.0102
1528452148.726945 42.53 42.0361
1528452148.735094 42.81 42.0748
1528452148.743051 43.35 42.1386
1528452148.751339 42.6 42.1617
1528452148.759352 42.97 42.2021
1528452148.767455 41.92 42.188
1528452148.775554 42.93 42.2251
1528452148.783769 42.07 42.2173
1528452148.791919 40.3 42.1215
1528452148.799954 42.26 42.1284
1528452148.808095 43.41 42.1925
1528452148.816305 40.97 42.1313
1528452148.824365 43.14 42.1818
1528452148.832356 41.71 42.1582
1528452148.840559 41.71 42.1358
1528452148.848479 40.98 42.078
1528452148.856592 43.51 42.1496
1528452148.864676 42.19 42.1516
1528452148.872714 42.4 42.164
1528452148.880785 42.09 42.1603
1528452148.888840 40.2 42.0623
1528452148.897039 41.59 42.0387
1528452148.905087 42.93 42.0833
1528452148.913106 43.47 42.1526
1528452148.921271 40.65 42.0775
1528452148.929361 42.08 42.0776
1528452148.937417 40.57 42.0022
1528452148.945598 42.81 42.0426
1528452148.953671 42.62 42.0715
1528452148.961826 42.01 42.0684
1528452148.969818 41.68 42.049
1528452148.977991 40.72 41.9825
1528452148.985938 41.23 41.9449
1528452148.994036 41.73 41.9342
1528452149.001967 40.98 41.8865
1528452149.010109 41.65 41.8746
1528452149.018160 41.57 41.8594
1528452149.026239 42.12 41.8724
1528452149.034427 44.38 41.9978
1528452149.042480 41.57 41.9764
1528452149.050638 43.26 42.0406
1528452149.058806 41.58 42.0176
1528452149.066741 41.26 41.9797
1528452149.074975 42.81 42.0212
1528452149.083006 42.74 42.0571
1528452149.091150 43.02 42.1053
1528452149.099318 41.56 42.078
1528452149.107263 42.07 42.0776
1528452149.115418 42.47 42.0972
1528452149.123567 42.19 42.1019
1528452149.131551 41.73 42.0833
1528452149.139706 42.68 42.1131
1528452149.147683 41.51 42.083
1528452149.155810 43.42 42.1498
1528452149.163931 42.4 42.1623
1528452149.172126 44.1 42.2592
1528452149.180195 39.87 42.1397
1528452149.188315 42.92 42.1788
1528452149.196657 44.3 42.2848
1528452149.204520 41.52 42.2466
1528452149.212716 43.16 42.2923
1528452149.220899 42.8 42.3176
1528452149.228977 42.75 42.3393
1528452149.237004 43.24 42.3843
1528452149.245103 44.82 42.5061
1528452149.253286 43.21 42.5413
1528452149.262202 42.61 42.5447
1528452149.270244 41.3 42.4825
1528452149.277385 43.66 42.5414
1528452149.286190 42.47 42.5378
1528452149.293518 41.86 42.5039
1528452149.301486 44.77 42.6172
1528452149.309494 41.85 42.5788
1528452149.317687 43.35 42.6174
1528452149.325610 41.18 42.5455
1528452149.333730 41.51 42.4938
1528452149.341899 41.66 42.4521
1528452149.351204 42.82 42.4705
1528452149.358161 43.87 42.5404
1528452149.366134 42.22 42.5244
